1. 0, 0, 0, 0, 0, extreme = 1.0116303020452145e-10 < 2.2840785320277152e-07
2. 0, 0, 0, 0, 1, extreme = 8.081989069384195e-10 < 2.2840785320277152e-07
3. 0, 0, 0, 1, 0, extreme = 5.670606091187038e-10 < 2.2840785320277152e-07
4. 0, 0, 0, 1, 1, extreme = 4.530289014979381e-09 < 2.2840785320277152e-07
5. 0, 0, 1, 0, 0, extreme = 9.795687514100733e-10 < 2.2840785320277152e-07
6. 0, 0, 1, 0, 1, extreme = 7.825846977498599e-09 < 2.2840785320277152e-07
7. 0, 0, 1, 1, 0, extreme = 5.490887844356184e-09 < 2.2840785320277152e-07
8. 0, 0, 1, 1, 1, extreme = 4.386710782544135e-08 < 2.2840785320277152e-07
9. 0, 0, 2, 0, 0, extreme = 3.5219883470756287e-09 < 2.2840785320277152e-07
10. 0, 0, 2, 0, 1, extreme = 2.8137424576959263e-08 < 2.2840785320277152e-07
11. 0, 0, 2, 1, 0, extreme = 1.974220081549534e-08 < 2.2840785320277152e-07
12. 0, 0, 2, 1, 1, extreme = 1.577218978848755e-07 < 2.2840785320277152e-07
13. 0, 0, 3, 0, 0, extreme = 5.974878184645201e-09 < 2.2840785320277152e-07
14. 0, 0, 3, 0, 1, extreme = 4.773374233806447e-08 < 2.2840785320277152e-07
15. 0, 0, 3, 1, 0, extreme = 3.349166247734177e-08 < 2.2840785320277152e-07
16. 0, 0, 3, 1, 1, extreme = 2.6756736083344713e-07
17. 0, 1, 0, 0, 0, extreme = 7.666416943425864e-10 < 2.2840785320277152e-07
18. 0, 1, 0, 0, 1, extreme = 6.124757019718094e-09 < 2.2840785320277152e-07
19. 0, 1, 0, 1, 0, extreme = 4.2973436569743244e-09 < 2.2840785320277152e-07
20. 0, 1, 0, 1, 1, extreme = 3.433179531380002e-08 < 2.2840785320277152e-07
21. 0, 1, 1, 0, 0, extreme = 7.423445558993404e-09 < 2.2840785320277152e-07
22. 0, 1, 1, 0, 1, extreme = 5.9306453892947775e-08 < 2.2840785320277152e-07
23. 0, 1, 1, 1, 0, extreme = 4.1611481505960194e-08 < 2.2840785320277152e-07
24. 0, 1, 1, 1, 1, extreme = 3.3243719371804853e-07
25. 0, 1, 2, 0, 0, extreme = 2.6690611267753675e-08 < 2.2840785320277152e-07
26. 0, 1, 2, 0, 1, extreme = 2.132332612863218e-07 < 2.2840785320277152e-07
27. 0, 1, 2, 1, 0, extreme = 1.4961191111658177e-07 < 2.2840785320277152e-07
28. 0, 1, 2, 1, 1, extreme = 1.195260588625439e-06
29. 0, 1, 3, 0, 0, extreme = 4.527929546699389e-08 < 2.2840785320277152e-07
30. 0, 1, 3, 0, 1, extreme = 3.617396298764745e-07
31. 0, 1, 3, 1, 0, extreme = 2.5380917135508794e-07
32. 0, 1, 3, 1, 1, extreme = 2.0277001830156722e-06
33. 0, 2, 0, 0, 0, extreme = 2.408280881334795e-09 < 2.2840785320277152e-07
34. 0, 2, 0, 0, 1, extreme = 1.9239933520778253e-08 < 2.2840785320277152e-07
35. 0, 2, 0, 1, 0, extreme = 1.3499410019032833e-08 < 2.2840785320277152e-07
36. 0, 2, 0, 1, 1, extreme = 1.0784778193811218e-07 < 2.2840785320277152e-07
37. 0, 2, 1, 0, 0, extreme = 2.3319553508871047e-08 < 2.2840785320277152e-07
38. 0, 2, 1, 0, 1, extreme = 1.8630163230637604e-07 < 2.2840785320277152e-07
39. 0, 2, 1, 1, 0, extreme = 1.307157386486195e-07 < 2.2840785320277152e-07
40. 0, 2, 1, 1, 1, extreme = 1.0442976735857074e-06
41. 0, 2, 2, 0, 0, extreme = 8.384423819055467e-08 < 2.2840785320277152e-07
42. 0, 2, 2, 0, 1, extreme = 6.698378006441146e-07
43. 0, 2, 2, 1, 0, extreme = 4.699816196026187e-07
44. 0, 2, 2, 1, 1, extreme = 3.7547178102125276e-06
45. 0, 2, 3, 0, 0, extreme = 1.4223758295194152e-07 < 2.2840785320277152e-07
46. 0, 2, 3, 0, 1, extreme = 1.136346537217348e-06
47. 0, 2, 3, 1, 0, extreme = 7.973004591226172e-07
48. 0, 2, 3, 1, 1, extreme = 6.369692151981417e-06
49. 0, 3, 0, 0, 0, extreme = 4.208141052498795e-09 < 2.2840785320277152e-07
50. 0, 3, 0, 0, 1, extreme = 3.361914912983903e-08 < 2.2840785320277152e-07
51. 0, 3, 0, 1, 0, extreme = 2.3588370412225324e-08 < 2.2840785320277152e-07
52. 0, 3, 0, 1, 1, extreme = 1.8844923036683614e-07 < 2.2840785320277152e-07
53. 0, 3, 1, 0, 0, extreme = 4.0747726399851135e-08 < 2.2840785320277152e-07
54. 0, 3, 1, 0, 1, extreme = 3.255365904916673e-07
55. 0, 3, 1, 1, 0, extreme = 2.2840785320277152e-07 < 2.2840785320277152e-07
56. 0, 3, 1, 1, 1, extreme = 1.8247671794866852e-06
57. 0, 3, 2, 0, 0, extreme = 1.4650632468983624e-07 < 2.2840785320277152e-07
58. 0, 3, 2, 0, 1, extreme = 1.1704498296908342e-06
59. 0, 3, 2, 1, 0, extreme = 8.212285214312214e-07
60. 0, 3, 2, 1, 1, extreme = 6.560855205953519e-06
61. 0, 3, 3, 0, 0, extreme = 2.4854069833271154e-07
62. 0, 3, 3, 0, 1, extreme = 1.9856099636014175e-06
63. 0, 3, 3, 1, 0, extreme = 1.3931733707699502e-06
64. 0, 3, 3, 1, 1, extreme = 1.1130164776160124e-05
65. 0, 4, 0, 0, 0, extreme = 4.948139980417422e-09 < 2.2840785320277152e-07
66. 0, 4, 0, 0, 1, extreme = 3.953105512425542e-08 < 2.2840785320277152e-07
67. 0, 4, 0, 1, 0, extreme = 2.7736370348213494e-08 < 2.2840785320277152e-07
68. 0, 4, 0, 1, 1, extreme = 2.2158790768273605e-07 < 2.2840785320277152e-07
69. 0, 4, 1, 0, 0, extreme = 4.791318817378723e-08 < 2.2840785320277152e-07
70. 0, 4, 1, 0, 1, extreme = 3.827819929049429e-07
71. 0, 4, 1, 1, 0, extreme = 2.685732289327226e-07
72. 0, 4, 1, 1, 1, extreme = 2.145651327540472e-06
73. 0, 4, 2, 0, 0, extreme = 1.7226936871598658e-07 < 2.2840785320277152e-07
74. 0, 4, 2, 0, 1, extreme = 1.3762726878955152e-06
75. 0, 4, 2, 1, 0, extreme = 9.656410346654072e-07
76. 0, 4, 2, 1, 1, extreme = 7.714577421550838e-06
77. 0, 4, 3, 0, 0, extreme = 2.92246422075299e-07
78. 0, 4, 3, 0, 1, extreme = 2.3347782129539656e-06
79. 0, 4, 3, 1, 0, extreme = 1.6381620220325702e-06
80. 0, 4, 3, 1, 1, extreme = 1.3087397173830213e-05
81. 1, 0, 0, 0, 0, extreme = 1.6056136573456762e-09 < 2.2840785320277152e-07
82. 1, 0, 0, 0, 1, extreme = 1.282736588859292e-08 < 2.2840785320277152e-07
83. 1, 0, 0, 1, 0, extreme = 9.000128374002141e-09 < 2.2840785320277152e-07
84. 1, 0, 0, 1, 1, extreme = 7.190268914907297e-08 < 2.2840785320277152e-07
85. 1, 0, 1, 0, 0, extreme = 1.5547270207241864e-08 < 2.2840785320277152e-07
86. 1, 0, 1, 0, 1, extreme = 1.242082879681033e-07 < 2.2840785320277152e-07
87. 1, 0, 1, 1, 0, extreme = 8.714887737178133e-08 < 2.2840785320277152e-07
88. 1, 0, 1, 1, 1, extreme = 6.96238806710201e-07
89. 1, 0, 2, 0, 0, extreme = 5.5899399016066714e-08 < 2.2840785320277152e-07
90. 1, 0, 2, 0, 1, extreme = 4.4658442013810376e-07
91. 1, 0, 2, 1, 0, extreme = 3.13339242521064e-07
92. 1, 0, 2, 1, 1, extreme = 2.503290310644706e-06
93. 1, 0, 3, 0, 0, extreme = 9.483055217749207e-08 < 2.2840785320277152e-07
94. 1, 0, 3, 0, 1, extreme = 7.576082730941206e-07
95. 1, 0, 3, 1, 0, extreme = 5.315644516787936e-07
96. 1, 0, 3, 1, 1, extreme = 4.246707596100854e-06
97. 1, 1, 0, 0, 0, extreme = 1.2167788689588604e-08 < 2.2840785320277152e-07
98. 1, 1, 0, 0, 1, extreme = 9.720936095826484e-08 < 2.2840785320277152e-07
99. 1, 1, 0, 1, 0, extreme = 6.820548625319253e-08 < 2.2840785320277152e-07
100. 1, 1, 0, 1, 1, extreme = 5.448986583892371e-07
101. 1, 1, 1, 0, 0, extreme = 1.1782155546334352e-07 < 2.2840785320277152e-07
102. 1, 1, 1, 0, 1, extreme = 9.412850934451609e-07
103. 1, 1, 1, 1, 0, extreme = 6.604385304916518e-07
104. 1, 1, 1, 1, 1, extreme = 5.276292113475191e-06
105. 1, 1, 2, 0, 0, extreme = 4.2362125657732927e-07
106. 1, 1, 2, 0, 1, extreme = 3.3843414519069555e-06
107. 1, 1, 2, 1, 0, extreme = 2.3745722850009544e-06
108. 1, 1, 2, 1, 1, extreme = 1.8970633059370953e-05
109. 1, 1, 3, 0, 0, extreme = 7.18652407404323e-07
110. 1, 1, 3, 0, 1, extreme = 5.741367068173075e-06
111. 1, 1, 3, 1, 0, extreme = 4.028343863004455e-06
112. 1, 1, 3, 1, 1, extreme = 3.218273612672763e-05
113. 1, 2, 0, 0, 0, extreme = 3.8223140073781674e-08 < 2.2840785320277152e-07
114. 1, 2, 0, 0, 1, extreme = 3.053674841978364e-07
115. 1, 2, 0, 1, 0, extreme = 2.1425650308070179e-07 < 2.2840785320277152e-07
116. 1, 2, 0, 1, 1, extreme = 1.7117109999986131e-06
117. 1, 2, 1, 0, 0, extreme = 3.7011735928974957e-07
118. 1, 2, 1, 0, 1, extreme = 2.9568948716953367e-06
119. 1, 2, 1, 1, 0, extreme = 2.0746608200638015e-06
120. 1, 2, 1, 1, 1, extreme = 1.657461825385879e-05
121. 1, 2, 2, 0, 0, extreme = 1.3307376583751412e-06
122. 1, 2, 2, 0, 1, extreme = 1.0631361266524339e-05
123. 1, 2, 2, 1, 0, extreme = 7.45933475509592e-06
124. 1, 2, 2, 1, 1, extreme = 5.959317532668015e-05
125. 1, 2, 3, 0, 0, extreme = 2.2575302985069005e-06
126. 1, 2, 3, 0, 1, extreme = 1.8035575999898175e-05
127. 1, 2, 3, 1, 0, extreme = 1.2654390675992585e-05
128. 1, 2, 3, 1, 1, extreme = 0.00010109686010425409
129. 1, 3, 0, 0, 0, extreme = 6.678970303943198e-08 < 2.2840785320277152e-07
130. 1, 3, 0, 0, 1, extreme = 5.335878619104272e-07
131. 1, 3, 0, 1, 0, extreme = 3.743838990570776e-07
132. 1, 3, 0, 1, 1, extreme = 2.9909805724636168e-06
133. 1, 3, 1, 0, 0, extreme = 6.467294018488367e-07
134. 1, 3, 1, 0, 1, extreme = 5.166768873989369e-06
135. 1, 3, 1, 1, 0, extreme = 3.6251856810333596e-06
136. 1, 3, 1, 1, 1, extreme = 2.8961875686568962e-05
137. 1, 3, 2, 0, 0, extreme = 2.325281828094227e-06
138. 1, 3, 2, 0, 1, extreme = 1.8576847965014103e-05
139. 1, 3, 2, 1, 0, extreme = 1.3034166010507982e-05
140. 1, 3, 2, 1, 1, extreme = 0.00010413091325209859
141. 1, 3, 3, 0, 0, extreme = 3.944725052644752e-06
142. 1, 3, 3, 0, 1, extreme = 3.1514699285644727e-05
143. 1, 3, 3, 1, 0, extreme = 2.2111814826386715e-05
144. 1, 3, 3, 1, 1, extreme = 0.00017665291892681714
145. 1, 4, 0, 0, 0, extreme = 7.853462984406819e-08 < 2.2840785320277152e-07
146. 1, 4, 0, 0, 1, extreme = 6.274189480926843e-07
147. 1, 4, 0, 1, 0, extreme = 4.402190696171813e-07
148. 1, 4, 0, 1, 1, extreme = 3.5169426040201028e-06
149. 1, 4, 1, 0, 0, extreme = 7.604563558770087e-07
150. 1, 4, 1, 0, 1, extreme = 6.075341894678664e-06
151. 1, 4, 1, 1, 0, extreme = 4.262672277609701e-06
152. 1, 4, 1, 1, 1, extreme = 3.4054803107774906e-05
153. 1, 4, 2, 0, 0, extreme = 2.7341811588038377e-06
154. 1, 4, 2, 0, 1, extreme = 2.1843574865733098e-05
155. 1, 4, 2, 1, 0, extreme = 1.5326215814390374e-05
156. 1, 4, 2, 1, 1, extreme = 0.0001224422681255252
157. 1, 4, 3, 0, 0, extreme = 4.638402444508199e-06
158. 1, 4, 3, 0, 1, extreme = 3.705653911328242e-05
159. 1, 4, 3, 1, 0, extreme = 2.6000163401619277e-05
160. 1, 4, 3, 1, 1, extreme = 0.0002077172223778427
161. 2, 0, 0, 0, 0, extreme = 1.2259664257082008e-08 < 2.2840785320277152e-07
162. 2, 0, 0, 0, 1, extreme = 9.794336164085014e-08 < 2.2840785320277152e-07
163. 2, 0, 0, 1, 0, extreme = 6.872048679400876e-08 < 2.2840785320277152e-07
164. 2, 0, 0, 1, 1, extreme = 5.490130356802187e-07
165. 2, 0, 1, 0, 0, extreme = 1.187111930587443e-07 < 2.2840785320277152e-07
166. 2, 0, 1, 0, 1, extreme = 9.4839247378678e-07
167. 2, 0, 1, 1, 0, extreme = 6.654253170254572e-07
168. 2, 0, 1, 1, 1, extreme = 5.3161319187638295e-06
169. 2, 0, 2, 0, 0, extreme = 4.2681990214417863e-07
170. 2, 0, 2, 0, 1, extreme = 3.4098956671729936e-06
171. 2, 0, 2, 1, 0, extreme = 2.392502015850509e-06
172. 2, 0, 2, 1, 1, extreme = 1.911387500106659e-05
173. 2, 0, 3, 0, 0, extreme = 7.240787506327577e-07
174. 2, 0, 3, 0, 1, extreme = 5.78471852430312e-06
175. 2, 0, 3, 1, 0, extreme = 4.058760760266058e-06
176. 2, 0, 3, 1, 1, extreme = 3.242573896155362e-05
177. 2, 1, 0, 0, 0, extreme = 9.290715945458623e-08 < 2.2840785320277152e-07
178. 2, 1, 0, 0, 1, extreme = 7.422421468212806e-07
179. 2, 1, 0, 1, 0, extreme = 5.207830402598154e-07
180. 2, 1, 0, 1, 1, extreme = 4.160574105373506e-06
181. 2, 1, 1, 0, 0, extreme = 8.996265730671837e-07
182. 2, 1, 1, 0, 1, extreme = 7.18718302067189e-06
183. 2, 1, 1, 1, 0, extreme = 5.042778883466547e-06
184. 2, 1, 1, 1, 1, extreme = 4.028713229833295e-05
185. 2, 1, 2, 0, 0, extreme = 3.234560414979791e-06
186. 2, 1, 2, 0, 1, extreme = 2.584114163571297e-05
187. 2, 1, 2, 1, 0, extreme = 1.8131048421953153e-05
188. 2, 1, 2, 1, 1, extreme = 0.000144850282624444
189. 2, 1, 3, 0, 0, extreme = 5.487270983286047e-06
190. 2, 1, 3, 0, 1, extreme = 4.3838212455685e-05
191. 2, 1, 3, 1, 0, extreme = 3.0758422517502864e-05
192. 2, 1, 3, 1, 1, extreme = 0.0002457313052756384
193. 2, 2, 0, 0, 0, extreme = 2.918528140391207e-07
194. 2, 2, 0, 0, 1, extreme = 2.3316336493326673e-06
195. 2, 2, 0, 1, 0, extreme = 1.6359556862565661e-06
196. 2, 2, 0, 1, 1, extreme = 1.3069770594645102e-05
197. 2, 2, 1, 0, 0, extreme = 2.826031368038638e-06
198. 2, 2, 1, 0, 1, extreme = 2.2577372959320776e-05
199. 2, 2, 1, 1, 0, extreme = 1.584107421168301e-05
200. 2, 2, 1, 1, 1, extreme = 0.00012655550982141676
201. 2, 2, 2, 0, 0, extreme = 1.0160848365543244e-05
202. 2, 2, 2, 0, 1, extreme = 8.117576674005209e-05
203. 2, 2, 2, 1, 0, extreme = 5.695575598792429e-05
204. 2, 2, 2, 1, 1, extreme = 0.0004550237338702651
205. 2, 2, 3, 0, 0, extreme = 1.7237374248322163e-05
206. 2, 2, 3, 0, 1, extreme = 0.00013771065376173144
207. 2, 2, 3, 1, 0, extreme = 9.662260927830286e-05
208. 2, 2, 3, 1, 1, extreme = 0.0007719251493988181
209. 2, 3, 0, 0, 0, extreme = 5.099728264938147e-07
210. 2, 3, 0, 0, 1, extreme = 4.074210510572231e-06
211. 2, 3, 0, 1, 0, extreme = 2.8586085355581276e-06
212. 2, 3, 0, 1, 1, extreme = 2.2837634352511276e-05
213. 2, 3, 1, 0, 0, extreme = 4.938102821669775e-06
214. 2, 3, 1, 0, 1, extreme = 3.9450867522992235e-05
215. 2, 3, 1, 1, 0, extreme = 2.7680107923672087e-05
216. 2, 3, 1, 1, 1, extreme = 0.00022113842302491055
217. 2, 3, 2, 0, 0, extreme = 1.7754691102127152e-05
218. 2, 3, 2, 0, 1, extreme = 0.00014184353624795937
219. 2, 3, 2, 1, 0, extreme = 9.952238412325324e-05
220. 2, 3, 2, 1, 1, extreme = 0.000795091664432209
221. 2, 3, 3, 0, 0, extreme = 3.011995102973458e-05
222. 2, 3, 3, 0, 1, extreme = 0.0002406305094860851
223. 2, 3, 3, 1, 0, extreme = 0.00016883477830800925
224. 2, 3, 3, 1, 1, extreme = 0.0013488334918977623
225. 2, 4, 0, 0, 0, extreme = 5.996512237160198e-07
226. 2, 4, 0, 0, 1, extreme = 4.790657837866072e-06
227. 2, 4, 0, 1, 0, extreme = 3.361293028606654e-06
228. 2, 4, 0, 1, 1, extreme = 2.685361782982861e-05
229. 2, 4, 1, 0, 0, extreme = 5.806465062478628e-06
230. 2, 4, 1, 0, 1, extreme = 4.638827748816886e-05
231. 2, 4, 1, 1, 0, extreme = 3.2547637298911606e-05
232. 2, 4, 1, 1, 1, extreme = 0.00026002547408107197
233. 2, 4, 2, 0, 0, extreme = 2.087684224135734e-05
234. 2, 4, 2, 0, 1, extreme = 0.00016678663189190147
235. 2, 4, 2, 1, 0, extreme = 0.0001170233320801621
236. 2, 4, 2, 1, 1, extreme = 0.0009349080279848276
237. 2, 4, 3, 0, 0, extreme = 3.541652526355929e-05
238. 2, 4, 3, 0, 1, extreme = 0.0002829452315504703
239. 2, 4, 3, 1, 0, extreme = 0.00019852426670315652
240. 2, 4, 3, 1, 1, extreme = 0.0015860250036586118
241. 3, 0, 0, 0, 0, extreme = 6.004381993813454e-08 < 2.2840785320277152e-07
242. 3, 0, 0, 0, 1, extreme = 4.796945044479174e-07
243. 3, 0, 0, 1, 0, extreme = 3.3657043525778605e-07
244. 3, 0, 0, 1, 1, extreme = 2.6888860222276453e-06
245. 3, 0, 1, 0, 0, extreme = 5.814085403311781e-07
246. 3, 0, 1, 0, 1, extreme = 4.644915695292394e-06
247. 3, 0, 1, 1, 0, extreme = 3.2590352459833577e-06
248. 3, 0, 1, 1, 1, extreme = 2.6036672865101757e-05
249. 3, 0, 2, 0, 0, extreme = 2.090424077931242e-06
250. 3, 0, 2, 0, 1, extreme = 1.6700552083168745e-05
251. 3, 0, 2, 1, 0, extreme = 1.1717691221304617e-05
252. 3, 0, 2, 1, 1, extreme = 9.36134990989726e-05
253. 3, 0, 3, 0, 0, extreme = 3.5463005521466694e-06
254. 3, 0, 3, 0, 1, extreme = 2.833165657578288e-05
255. 3, 0, 3, 1, 0, extreme = 1.9878480776551578e-05
256. 3, 0, 3, 1, 1, extreme = 0.00015881064854151943
257. 3, 1, 0, 0, 0, extreme = 4.550288357229857e-07
258. 3, 1, 0, 0, 1, extreme = 3.6352589173464882e-06
259. 3, 1, 0, 1, 0, extreme = 2.5506247512554087e-06
260. 3, 1, 0, 1, 1, extreme = 2.0377129192424738e-05
261. 3, 1, 1, 0, 0, extreme = 4.406076286600029e-06
262. 3, 1, 1, 0, 1, extreme = 3.520046830861218e-05
263. 3, 1, 1, 1, 0, extreme = 2.4697879233665137e-05
264. 3, 1, 1, 1, 1, extreme = 0.00019731317814413504
265. 3, 1, 2, 0, 0, extreme = 1.5841817448130554e-05
266. 3, 1, 2, 0, 1, extreme = 0.00012656144759219418
267. 3, 1, 2, 1, 0, extreme = 8.8799936434513e-05
268. 3, 1, 2, 1, 1, extreme = 0.0007094292392930604
269. 3, 1, 3, 0, 0, extreme = 2.6874855947368204e-05
270. 3, 1, 3, 0, 1, extreme = 0.00021470520561591173
271. 3, 1, 3, 1, 0, extreme = 0.00015064467871990357
272. 3, 1, 3, 1, 1, extreme = 0.0012035114451531509
273. 3, 2, 0, 0, 0, extreme = 1.4293994882021182e-06
274. 3, 2, 0, 0, 1, extreme = 1.1419577899235913e-05
275. 3, 2, 0, 1, 0, extreme = 8.01237510200272e-06
276. 3, 2, 0, 1, 1, extreme = 6.401145543315073e-05
277. 3, 2, 1, 0, 0, extreme = 1.3840975987903586e-05
278. 3, 2, 1, 0, 1, extreme = 0.0001105765776466888
279. 3, 2, 1, 1, 0, extreme = 7.758439282245984e-05
280. 3, 2, 1, 1, 1, extreme = 0.0006198274344671665
281. 3, 2, 2, 0, 0, extreme = 4.976450715825552e-05
282. 3, 2, 2, 0, 1, extreme = 0.0003975723167674911
283. 3, 2, 2, 1, 0, extreme = 0.0002789506372496068
284. 3, 2, 2, 1, 1, extreme = 0.0022285572076985046
285. 3, 2, 3, 0, 0, extreme = 8.442301305067212e-05
286. 3, 2, 3, 0, 1, extreme = 0.0006744616756740012
287. 3, 2, 3, 1, 0, extreme = 0.0004732258919821359
288. 3, 2, 3, 1, 1, extreme = 0.003780636541448982
289. 3, 3, 0, 0, 0, extreme = 2.497679865062173e-06
290. 3, 3, 0, 0, 1, extreme = 1.9954148593061083e-05
291. 3, 3, 0, 1, 0, extreme = 1.4000528283922194e-05
292. 3, 3, 0, 1, 1, extreme = 0.00011185125270318974
293. 3, 3, 1, 0, 0, extreme = 2.418521016911651e-05
294. 3, 3, 1, 0, 1, extreme = 0.00019321742718895237
295. 3, 3, 1, 1, 0, extreme = 0.00013556810212620653
296. 3, 3, 1, 1, 1, extreme = 0.0010830635631673589
297. 3, 3, 2, 0, 0, extreme = 8.69566615560042e-05
298. 3, 3, 2, 0, 1, extreme = 0.0006947031803861053
299. 3, 3, 2, 1, 0, extreme = 0.0004874280393656381
300. 3, 3, 2, 1, 1, extreme = 0.003894098544003862
301. 3, 3, 3, 0, 0, extreme = 0.00014751765450102695
302. 3, 3, 3, 0, 1, extreme = 0.0011785294181166268
303. 3, 3, 3, 1, 0, extreme = 0.000826897443146934
304. 3, 3, 3, 1, 1, extreme = 0.00660614463950346
305. 3, 4, 0, 0, 0, extreme = 2.9368952809362294e-06
306. 3, 4, 0, 0, 1, extreme = 2.3463072933329117e-05
307. 3, 4, 0, 1, 0, extreme = 1.646251227902731e-05
308. 3, 4, 0, 1, 1, extreme = 0.00013152022435934823
309. 3, 4, 1, 0, 0, extreme = 2.843816399679432e-05
310. 3, 4, 1, 0, 1, extreme = 0.0002271945888836912
311. 3, 4, 1, 1, 0, extreme = 0.00015940766667069475
312. 3, 4, 1, 1, 1, extreme = 0.0012735196019770993
313. 3, 4, 2, 0, 0, extreme = 0.0001022479351906216
314. 3, 4, 2, 0, 1, extreme = 0.0008168662928611772
315. 3, 4, 2, 1, 0, extreme = 0.0005731419501086891
316. 3, 4, 2, 1, 1, extreme = 0.004578873296518688
317. 3, 4, 3, 0, 0, extreme = 0.0001734585402313209
318. 3, 4, 3, 0, 1, extreme = 0.0013857730668077766
319. 3, 4, 3, 1, 0, extreme = 0.0009723068326596825
320. 3, 4, 3, 1, 1, extreme = 0.007767830973188764
321. 4, 0, 0, 0, 0, extreme = 2.1232044602892246e-07 < 2.2840785320277152e-07
322. 4, 0, 0, 0, 1, extreme = 1.6962436974686762e-06
323. 4, 0, 0, 1, 0, extreme = 1.190143881713564e-06
324. 4, 0, 0, 1, 1, extreme = 9.508147218956668e-06
325. 4, 0, 1, 0, 0, extreme = 2.0559138431787083e-06
326. 4, 0, 1, 0, 1, extreme = 1.642484727333062e-05
327. 4, 0, 1, 1, 0, extreme = 1.1524247087612322e-05
328. 4, 0, 1, 1, 1, extreme = 9.206805965249016e-05
329. 4, 0, 2, 0, 0, extreme = 7.39193097763043e-06
330. 4, 0, 2, 0, 1, extreme = 5.9054681578904936e-05
331. 4, 0, 2, 1, 0, extreme = 4.14348292480387e-05
332. 4, 0, 2, 1, 1, extreme = 0.0003310259058051448
333. 4, 0, 3, 0, 0, extreme = 1.254004351755419e-05
334. 4, 0, 3, 0, 1, extreme = 0.00010018333222480455
335. 4, 0, 3, 1, 0, extreme = 7.029212846889901e-05
336. 4, 0, 3, 1, 1, extreme = 0.0005615689968962598
337. 4, 1, 0, 0, 0, extreme = 1.609023634010438e-06
338. 4, 1, 0, 0, 1, extreme = 1.285460844358138e-05
339. 4, 1, 0, 1, 0, extreme = 9.01924270302818e-06
340. 4, 1, 0, 1, 1, extreme = 7.205539493293961e-05
341. 4, 1, 1, 0, 0, extreme = 1.5580289251620875e-05
342. 4, 1, 1, 0, 1, extreme = 0.00012447207954810357
343. 4, 1, 1, 1, 0, extreme = 8.733396276691258e-05
344. 4, 1, 1, 1, 1, extreme = 0.000697717467578039
345. 4, 1, 2, 0, 0, extreme = 5.6018117267712696e-05
346. 4, 1, 2, 0, 1, extreme = 0.0004475328690034644
347. 4, 1, 2, 1, 0, extreme = 0.00031400470740438924
348. 4, 1, 2, 1, 1, extreme = 0.002508606758661556
349. 4, 1, 3, 0, 0, extreme = 9.503195179099954e-05
350. 4, 1, 3, 0, 1, extreme = 0.0007592172694553948
351. 4, 1, 3, 1, 0, extreme = 0.0005326933797791176
352. 4, 1, 3, 1, 1, extreme = 0.00425572668592892
353. 4, 2, 0, 0, 0, extreme = 5.054487492655955e-06
354. 4, 2, 0, 0, 1, extreme = 4.038067324040948e-05
355. 4, 2, 0, 1, 0, extreme = 2.8332492122604013e-05
356. 4, 2, 0, 1, 1, extreme = 0.00022635036848971845
357. 4, 2, 1, 0, 0, extreme = 4.8942958630133357e-05
358. 4, 2, 1, 0, 1, extreme = 0.0003910089050044899
359. 4, 2, 1, 1, 0, extreme = 0.0002743455180886279
360. 4, 2, 1, 1, 1, extreme = 0.002191766571191276
361. 4, 2, 2, 0, 0, extreme = 0.0001759718546744178
362. 4, 2, 2, 0, 1, extreme = 0.0014058521211974767
363. 4, 2, 2, 1, 0, extreme = 0.000986394999217446
364. 4, 2, 2, 1, 1, extreme = 0.007880382374523142
365. 4, 2, 3, 0, 0, extreme = 0.0002985275054867061
366. 4, 2, 3, 0, 1, extreme = 0.002384958251424792
367. 4, 2, 3, 1, 0, extreme = 0.0016733700914033384
368. 4, 2, 3, 1, 1, extreme = 0.013368677035883961
369. 4, 3, 0, 0, 0, extreme = 8.832024736831479e-06
370. 4, 3, 0, 0, 1, extreme = 7.055969679762768e-05
371. 4, 3, 0, 1, 0, extreme = 4.950715016042763e-05
372. 4, 3, 0, 1, 1, extreme = 0.000395516272737207
373. 4, 3, 1, 0, 0, extreme = 8.552111800516443e-05
374. 4, 3, 1, 0, 1, extreme = 0.0006832345171174626
375. 4, 3, 1, 1, 0, extreme = 0.00047938122425235147
376. 4, 3, 1, 1, 1, extreme = 0.003829811944781341
377. 4, 3, 2, 0, 0, extreme = 0.00030748671862948886
378. 4, 3, 2, 0, 1, extreme = 0.00245653406577502
379. 4, 3, 2, 1, 0, extreme = 0.0017235901851638715
380. 4, 3, 2, 1, 1, extreme = 0.013769889067606926
381. 4, 3, 3, 0, 0, extreme = 0.0005216359357727369
382. 4, 3, 3, 0, 1, extreme = 0.004167387950509246
383. 4, 3, 3, 1, 0, extreme = 0.0029239850850599825
384. 4, 3, 3, 1, 1, extreme = 0.02335993242661981
385. 4, 4, 0, 0, 0, extreme = 1.0385130670085591e-05
386. 4, 4, 0, 0, 1, extreme = 8.296757460711866e-05
387. 4, 4, 0, 1, 0, extreme = 5.8212951032113925e-05
388. 4, 4, 0, 1, 1, extreme = 0.0004650675577698486
389. 4, 4, 1, 0, 0, extreme = 0.00010055995221929922
390. 4, 4, 1, 0, 1, extreme = 0.0008033808724502292
391. 4, 4, 1, 1, 0, extreme = 0.0005636801076750954
392. 4, 4, 1, 1, 1, extreme = 0.004503281939705888
393. 4, 4, 2, 0, 0, extreme = 0.0003615580625545992
394. 4, 4, 2, 0, 1, extreme = 0.0028885140190110627
395. 4, 4, 2, 1, 0, extreme = 0.002026682423109405
396. 4, 4, 2, 1, 1, extreme = 0.01619131530319779
397. 4, 4, 3, 0, 0, extreme = 0.000613365283344497
398. 4, 4, 3, 0, 1, extreme = 0.004900220471359906
399. 4, 4, 3, 1, 0, extreme = 0.003438166002762256
400. 4, 4, 3, 1, 1, extreme = 0.027467761688114167
401. 5, 0, 0, 0, 0, extreme = 5.789681572189133e-07
402. 5, 0, 0, 0, 1, extreme = 4.625419294681855e-06
403. 5, 0, 0, 1, 0, extreme = 3.2453558896876225e-06
404. 5, 0, 0, 1, 1, extreme = 2.5927387479091836e-05
405. 5, 0, 1, 0, 0, extreme = 5.606189471850891e-06
406. 5, 0, 1, 0, 1, extreme = 4.4788261028553677e-05
407. 5, 0, 1, 1, 0, extreme = 3.142500981154423e-05
408. 5, 0, 1, 1, 1, extreme = 0.00025105672031445353
409. 5, 0, 2, 0, 0, extreme = 2.0156761802511977e-05
410. 5, 0, 2, 0, 1, extreme = 0.0001610338561752588
411. 5, 0, 2, 1, 0, extreme = 0.00011298698351052558
412. 5, 0, 2, 1, 1, extreme = 0.0009026613416666385
413. 5, 0, 3, 0, 0, extreme = 3.4194944587740394e-05
414. 5, 0, 3, 0, 1, extreme = 0.00027318593346560723
415. 5, 0, 3, 1, 0, extreme = 0.00019167680196512872
416. 5, 0, 3, 1, 1, extreme = 0.0015313201030107654
417. 5, 1, 0, 0, 0, extreme = 4.387582381857859e-06
418. 5, 1, 0, 0, 1, extreme = 3.5052719140092544e-05
419. 5, 1, 0, 1, 0, extreme = 2.4594213251469108e-05
420. 5, 1, 0, 1, 1, extreme = 0.00019648498296919668
421. 5, 1, 1, 0, 0, extreme = 4.2485269439005426e-05
422. 5, 1, 1, 0, 1, extreme = 0.00033941794993853165
423. 5, 1, 1, 1, 0, extreme = 0.00023814750030666737
424. 5, 1, 1, 1, 1, extreme = 0.001902577938292749
425. 5, 1, 2, 0, 0, extreme = 0.00015275357004921984
426. 5, 1, 2, 0, 1, extreme = 0.001220359533469204
427. 5, 1, 2, 1, 0, extreme = 0.0008562469145304006
428. 5, 1, 2, 1, 1, extreme = 0.0068406197302889275
429. 5, 1, 3, 0, 0, extreme = 0.0002591388395908733
430. 5, 1, 3, 0, 1, extreme = 0.002070279295501704
431. 5, 1, 3, 1, 0, extreme = 0.0014525803342152848
432. 5, 1, 3, 1, 1, extreme = 0.01160477138713236
433. 5, 2, 0, 0, 0, extreme = 1.378288037747636e-05
434. 5, 2, 0, 0, 1, extreme = 0.00011011244753166279
435. 5, 2, 0, 1, 0, extreme = 7.725874290697804e-05
436. 5, 2, 0, 1, 1, extreme = 0.0006172257932825866
437. 5, 2, 1, 0, 0, extreme = 0.0001334606021083331
438. 5, 2, 1, 0, 1, extreme = 0.0010662265901410025
439. 5, 2, 1, 1, 0, extreme = 0.0007481018527410405
440. 5, 2, 1, 1, 1, extreme = 0.00597664085824203
441. 5, 2, 2, 0, 0, extreme = 0.00047985063298785477
442. 5, 2, 2, 0, 1, extreme = 0.003833562085778246
443. 5, 2, 2, 1, 0, extreme = 0.002689761187243746
444. 5, 2, 2, 1, 1, extreme = 0.021488700437905833
445. 5, 2, 3, 0, 0, extreme = 0.000814042749831324
446. 5, 2, 3, 0, 1, extreme = 0.006503447546843218
447. 5, 2, 3, 1, 0, extreme = 0.004563046170471313
448. 5, 2, 3, 1, 1, extreme = 0.036454512284069845
449. 5, 3, 0, 0, 0, extreme = 2.4083696045451138e-05
450. 5, 3, 0, 0, 1, extreme = 0.0001924064233704695
451. 5, 3, 0, 1, 0, extreme = 0.00013499907349308373
452. 5, 3, 0, 1, 1, extreme = 0.0010785175514635107
453. 5, 3, 1, 0, 0, extreme = 0.00023320412621969747
454. 5, 3, 1, 0, 1, extreme = 0.0018630849582426297
455. 5, 3, 1, 1, 0, extreme = 0.0013072055433272923
456. 5, 3, 1, 1, 1, extreme = 0.01044336146441115
457. 5, 3, 2, 0, 0, extreme = 0.0008384732708688591
458. 5, 3, 2, 0, 1, extreme = 0.006698624780646457
459. 5, 3, 2, 1, 0, extreme = 0.00469998934143628
460. 5, 3, 2, 1, 1, extreme = 0.03754856137357232
461. 5, 3, 3, 0, 0, extreme = 0.001422428231110464
462. 5, 3, 3, 0, 1, extreme = 0.011363884012347877
463. 5, 3, 3, 1, 0, extreme = 0.007973298323808903
464. 5, 3, 3, 1, 1, extreme = 0.06369926817107417
465. 5, 4, 0, 0, 0, extreme = 2.8318798679040197e-05
466. 5, 4, 0, 0, 1, extreme = 0.00022624097055948519
467. 5, 4, 0, 1, 0, extreme = 0.00015873857471431052
468. 5, 4, 0, 1, 1, extreme = 0.0012681741770061612
469. 5, 4, 1, 0, 0, extreme = 0.00027421292350948966
470. 5, 4, 1, 0, 1, extreme = 0.002190707263322494
471. 5, 4, 1, 1, 0, extreme = 0.0015370768068052785
472. 5, 4, 1, 1, 1, extreme = 0.01227981993648209
473. 5, 4, 2, 0, 0, extreme = 0.0009859182623248716
474. 5, 4, 2, 0, 1, extreme = 0.007876573688339099
475. 5, 4, 2, 1, 0, extreme = 0.005526479478174112
476. 5, 4, 2, 1, 1, extreme = 0.04415145201214323
477. 5, 4, 3, 0, 0, extreme = 0.001672561330959363
478. 5, 4, 3, 0, 1, extreme = 0.013362215789068058
479. 5, 4, 3, 1, 0, extreme = 0.009375397763439236
480. 5, 4, 3, 1, 1, extreme = 0.07490074396946875
481. 6, 0, 0, 0, 0, extreme = 1.2713641183445818e-06
482. 6, 0, 0, 0, 1, extreme = 1.015702167767701e-05
483. 6, 0, 0, 1, 0, extreme = 7.126521515840481e-06
484. 6, 0, 0, 1, 1, extreme = 5.6934305820329016e-05
485. 6, 0, 1, 0, 0, extreme = 1.2310708363288119e-05
486. 6, 0, 1, 0, 1, extreme = 9.835115676875433e-05
487. 6, 0, 1, 1, 0, extreme = 6.900661011295877e-05
488. 6, 0, 1, 1, 1, extreme = 0.0005512988959708553
489. 6, 0, 2, 0, 0, extreme = 4.426250973944795e-05
490. 6, 0, 2, 0, 1, extreme = 0.00035361645373266137
491. 6, 0, 2, 1, 0, extreme = 0.0002481096669725113
492. 6, 0, 2, 1, 1, extreme = 0.0019821664222853287
493. 6, 0, 3, 0, 0, extreme = 7.50891478841666e-05
494. 6, 0, 3, 0, 1, extreme = 0.0005998927386835868
495. 6, 0, 3, 1, 0, extreme = 0.00042090571873258144
496. 6, 0, 3, 1, 1, extreme = 0.003362646819851766
497. 6, 1, 0, 0, 0, extreme = 9.634752338315147e-06
498. 6, 1, 0, 0, 1, extreme = 7.697274679006853e-05
499. 6, 1, 0, 1, 0, extreme = 5.400677024627773e-05
500. 6, 1, 0, 1, 1, extreme = 0.0004314640693549053
501. 6, 1, 1, 0, 0, extreme = 9.329398594632872e-05
502. 6, 1, 1, 0, 1, extreme = 0.000745332532184086
503. 6, 1, 1, 1, 0, extreme = 0.0005229513626754971
504. 6, 1, 1, 1, 1, extreme = 0.004177896993020318
505. 6, 1, 2, 0, 0, extreme = 0.00033543365984492794
506. 6, 1, 2, 0, 1, extreme = 0.0026798042396411707
507. 6, 1, 2, 1, 0, extreme = 0.0018802443450540245
508. 6, 1, 2, 1, 1, extreme = 0.015021410700901372
509. 6, 1, 3, 0, 0, extreme = 0.0005690465325551864
510. 6, 1, 3, 0, 1, extreme = 0.004546154703733304
511. 6, 1, 3, 1, 0, extreme = 0.003189741081452976
512. 6, 1, 3, 1, 1, extreme = 0.025483076675689054
513. 6, 2, 0, 0, 0, extreme = 3.0266016085463986e-05
514. 6, 2, 0, 0, 1, extreme = 0.0002417974339855168
515. 6, 2, 0, 1, 0, extreme = 0.0001696535333344791
516. 6, 2, 0, 1, 1, extreme = 0.0013553745861701015
517. 6, 2, 1, 0, 0, extreme = 0.00029306796689518354
518. 6, 2, 1, 0, 1, extreme = 0.0023413415950915835
519. 6, 2, 1, 1, 0, extreme = 0.0016427671204073447
520. 6, 2, 1, 1, 1, extreme = 0.013124187644274922
521. 6, 2, 2, 0, 0, extreme = 0.0010537105872560487
522. 6, 2, 2, 0, 1, extreme = 0.008418171570464844
523. 6, 2, 2, 1, 0, extreme = 0.005906483487458211
524. 6, 2, 2, 1, 1, extreme = 0.047187332059574816
525. 6, 2, 3, 0, 0, extreme = 0.0017875676408621174
526. 6, 2, 3, 0, 1, extreme = 0.014281009678164838
527. 6, 2, 3, 1, 0, extreme = 0.010020055678629243
528. 6, 2, 3, 1, 1, extreme = 0.08005096358381238
529. 6, 3, 0, 0, 0, extreme = 5.2885718510640795e-05
530. 6, 3, 0, 0, 1, extreme = 0.0004225079043850397
531. 6, 3, 0, 1, 0, extreme = 0.00029644631731270455
532. 6, 3, 0, 1, 1, extreme = 0.0023683314856590707
533. 6, 3, 1, 0, 0, extreme = 0.0005120961397079383
534. 6, 3, 1, 0, 1, extreme = 0.004091173816389319
535. 6, 3, 1, 1, 0, extreme = 0.002870510583985468
536. 6, 3, 1, 1, 1, extreme = 0.022932720694921714
537. 6, 3, 2, 0, 0, extreme = 0.0018412149571303943
538. 6, 3, 2, 0, 1, extreme = 0.014709602043187364
539. 6, 3, 2, 1, 0, extreme = 0.010320771066248317
540. 6, 3, 2, 1, 1, extreme = 0.08245340098690271
541. 6, 3, 3, 0, 0, extreme = 0.0031235296646382163
542. 6, 3, 3, 0, 1, extreme = 0.024954108785063912
543. 6, 3, 3, 1, 0, extreme = 0.017508675161758084
544. 6, 3, 3, 1, 1, extreme = 0.13987809676187704
545. 6, 4, 0, 0, 0, extreme = 6.218563847811474e-05
546. 6, 4, 0, 0, 1, extreme = 0.0004968056506776502
547. 6, 4, 0, 1, 0, extreme = 0.000348576213687391
548. 6, 4, 0, 1, 1, extreme = 0.0027848010712740695
549. 6, 4, 1, 0, 0, extreme = 0.0006021479202085278
550. 6, 4, 1, 0, 1, extreme = 0.004810604130223295
551. 6, 4, 1, 1, 0, extreme = 0.003375288044680845
552. 6, 4, 1, 1, 1, extreme = 0.026965425045081853
553. 6, 4, 2, 0, 0, extreme = 0.002164991436422879
554. 6, 4, 2, 0, 1, extreme = 0.01729627620792448
555. 6, 4, 2, 1, 0, extreme = 0.012135672094763574
556. 6, 4, 2, 1, 1, extreme = 0.09695277911428787
557. 6, 4, 3, 0, 0, extreme = 0.0036728003697591364
558. 6, 4, 3, 0, 1, extreme = 0.029342272945375728
559. 6, 4, 3, 1, 0, extreme = 0.020587564554327982
560. 6, 4, 3, 1, 1, extreme = 0.16447557112211095
561. 7, 0, 0, 0, 0, extreme = 2.3220782183912553e-06
562. 7, 0, 0, 0, 1, extreme = 1.8551254090898582e-05
563. 7, 0, 0, 1, 0, extreme = 1.3016208453623089e-05
564. 7, 0, 0, 1, 1, extreme = 0.00010398744900615504
565. 7, 0, 1, 0, 0, extreme = 2.248484704805121e-05
566. 7, 0, 1, 0, 1, extreme = 0.0001796331008489338
567. 7, 0, 1, 1, 0, extreme = 0.00012603686383485716
568. 7, 0, 1, 1, 1, extreme = 0.0010069177977304721
569. 7, 0, 2, 0, 0, extreme = 8.084309465264129e-05
570. 7, 0, 2, 0, 1, extreme = 0.0006458614436488445
571. 7, 0, 2, 1, 0, extreme = 0.0004531589692804484
572. 7, 0, 2, 1, 1, extreme = 0.0036203204164739437
573. 7, 0, 3, 0, 0, extreme = 0.00013714629209955802
574. 7, 0, 3, 0, 1, extreme = 0.0010956718392226054
575. 7, 0, 3, 1, 0, extreme = 0.0007687616689527666
576. 7, 0, 3, 1, 1, extreme = 0.006141693653182127
577. 7, 1, 0, 0, 0, extreme = 1.759735721779438e-05
578. 7, 1, 0, 0, 1, extreme = 0.00014058658424597755
579. 7, 1, 0, 1, 0, extreme = 9.864046265347935e-05
580. 7, 1, 0, 1, 1, extreme = 0.0007880459287871243
581. 7, 1, 1, 0, 0, extreme = 0.00017039645019630348
582. 7, 1, 1, 0, 1, extreme = 0.0013613098037536268
583. 7, 1, 1, 1, 0, extreme = 0.0009551425520235366
584. 7, 1, 1, 1, 1, extreme = 0.007630704269683817
585. 7, 1, 2, 0, 0, extreme = 0.0006126515480516809
586. 7, 1, 2, 0, 1, extreme = 0.004894518387482711
587. 7, 1, 2, 1, 0, extreme = 0.003434165221359449
588. 7, 1, 2, 1, 1, extreme = 0.027435799150514105
589. 7, 1, 3, 0, 0, extreme = 0.0010393329019053954
590. 7, 1, 3, 0, 1, extreme = 0.00830330718214818
591. 7, 1, 3, 1, 0, extreme = 0.005825890616760529
592. 7, 1, 3, 1, 1, extreme = 0.04654346967355087
593. 7, 2, 0, 0, 0, extreme = 5.527925139262665e-05
594. 7, 2, 0, 0, 1, extreme = 0.00044163001505166617
595. 7, 2, 0, 1, 0, extreme = 0.0003098630586979768
596. 7, 2, 0, 1, 1, extreme = 0.0024755188217870055
597. 7, 2, 1, 0, 0, extreme = 0.0005352728872996791
598. 7, 2, 1, 0, 1, extreme = 0.004276334561694824
599. 7, 2, 1, 1, 0, extreme = 0.003000425836426923
600. 7, 2, 1, 1, 1, extreme = 0.023970623225179455
601. 7, 2, 2, 0, 0, extreme = 0.0019245457440952927
602. 7, 2, 2, 0, 1, extreme = 0.015375337844133538
603. 7, 2, 2, 1, 0, extreme = 0.010787874579449963
604. 7, 2, 2, 1, 1, extreme = 0.08618512539287837
605. 7, 2, 3, 0, 0, extreme = 0.003264896203104845
606. 7, 2, 3, 0, 1, extreme = 0.026083496483666986
607. 7, 2, 3, 1, 0, extreme = 0.018301093056416074
608. 7, 2, 3, 1, 1, extreme = 0.14620878174636465
609. 7, 3, 0, 0, 0, extreme = 9.659292192187384e-05
610. 7, 3, 0, 0, 1, extreme = 0.0007716879749194919
611. 7, 3, 0, 1, 0, extreme = 0.0005414432627298375
612. 7, 3, 0, 1, 1, extreme = 0.004325630145941082
613. 7, 3, 1, 0, 0, extreme = 0.0009353160708093507
614. 7, 3, 1, 0, 1, extreme = 0.007472309049479906
615. 7, 3, 1, 1, 0, extreme = 0.005242833273769986
616. 7, 3, 1, 1, 1, extreme = 0.04188538157224848
617. 7, 3, 2, 0, 0, extreme = 0.0033628801423904032
618. 7, 3, 2, 0, 1, extreme = 0.02686629739886307
619. 7, 3, 2, 1, 0, extreme = 0.018850333546571292
620. 7, 3, 2, 1, 1, extreme = 0.15059670451708776
621. 7, 3, 3, 0, 0, extreme = 0.005704959023225727
622. 7, 3, 3, 0, 1, extreme = 0.04557733825665328
623. 7, 3, 3, 1, 0, extreme = 0.03197865398226314
624. 7, 3, 3, 1, 1, extreme = 0.25547982441387834
625. 7, 4, 0, 0, 0, extreme = 0.00011357872581365885
626. 7, 4, 0, 0, 1, extreme = 0.0009073888145548533
627. 7, 4, 0, 1, 0, extreme = 0.0006366557161505531
628. 7, 4, 0, 1, 1, extreme = 0.005086289456224457
629. 7, 4, 1, 0, 0, extreme = 0.0010997908070478123
630. 7, 4, 1, 0, 1, extreme = 0.008786309843823137
631. 7, 4, 1, 1, 0, extreme = 0.00616478217078762
632. 7, 4, 1, 1, 1, extreme = 0.049250899284759925
633. 7, 4, 2, 0, 0, extreme = 0.003954240476809338
634. 7, 4, 2, 0, 1, extreme = 0.031590718710856946
635. 7, 4, 2, 1, 0, extreme = 0.022165152712884224
636. 7, 4, 2, 1, 1, extreme = 0.17707903923458712
637. 7, 4, 3, 0, 0, extreme = 0.006708172439396724
638. 7, 4, 3, 0, 1, extreme = 0.05359208420422098
639. 7, 4, 3, 1, 0, extreme = 0.03760207994824963
640. 7, 4, 3, 1, 1, extreme = 0.3004057890649083
641. 8, 0, 0, 0, 0, extreme = 3.6242234483610333e-06
642. 8, 0, 0, 0, 1, extreme = 2.8954188338805432e-05
643. 8, 0, 0, 1, 0, extreme = 2.031527082625924e-05
644. 8, 0, 0, 1, 1, extreme = 0.00016230019645266467
645. 8, 0, 1, 0, 0, extreme = 3.5093611084649514e-05
646. 8, 0, 1, 0, 1, extreme = 0.00028036544636706704
647. 8, 0, 1, 1, 0, extreme = 0.00019671419922479564
648. 8, 0, 1, 1, 1, extreme = 0.001571564241119782
649. 8, 0, 2, 0, 0, extreme = 0.0001261772480175797
650. 8, 0, 2, 0, 1, extreme = 0.0010080393373166079
651. 8, 0, 2, 1, 0, extreme = 0.0007072756418339534
652. 8, 0, 2, 1, 1, extreme = 0.005650477249235481
653. 8, 0, 3, 0, 0, extreme = 0.00021405343013266236
654. 8, 0, 3, 0, 1, extreme = 0.0017100886352443899
655. 8, 0, 3, 1, 0, extreme = 0.0011998579740996166
656. 8, 0, 3, 1, 1, extreme = 0.009585753819237763
657. 8, 1, 0, 0, 0, extreme = 2.746537741614081e-05
658. 8, 1, 0, 0, 1, extreme = 0.00021942292516840848
659. 8, 1, 0, 1, 0, extreme = 0.00015395479569744837
660. 8, 1, 0, 1, 1, extreme = 0.0012299562137378947
661. 8, 1, 1, 0, 0, extreme = 0.0002659491852719631
662. 8, 1, 1, 0, 1, extreme = 0.0021246876492669272
663. 8, 1, 1, 1, 0, extreme = 0.001490755137425708
664. 8, 1, 1, 1, 1, extreme = 0.011909752704565006
665. 8, 1, 2, 0, 0, extreme = 0.0009562064225648177
666. 8, 1, 2, 0, 1, extreme = 0.0076392036098760704
667. 8, 1, 2, 1, 0, extreme = 0.005359932332262104
668. 8, 1, 2, 1, 1, extreme = 0.04282089458412164
669. 8, 1, 3, 0, 0, extreme = 0.00162215667151311
670. 8, 1, 3, 0, 1, extreme = 0.012959529248474058
671. 8, 1, 3, 1, 0, extreme = 0.009092858807950974
672. 8, 1, 3, 1, 1, extreme = 0.07264351942279902
673. 8, 2, 0, 0, 0, extreme = 8.62780407301702e-05
674. 8, 2, 0, 0, 1, extreme = 0.0006892816285745803
675. 8, 2, 0, 1, 0, extreme = 0.0004836240890679842
676. 8, 2, 0, 1, 1, extreme = 0.003863708504615001
677. 8, 2, 1, 0, 0, extreme = 0.0008354363492403856
678. 8, 2, 1, 0, 1, extreme = 0.006674362589847824
679. 8, 2, 1, 1, 0, extreme = 0.004682966140124434
680. 8, 2, 1, 1, 1, extreme = 0.03741256176319082
681. 8, 2, 2, 0, 0, extreme = 0.0030037678136552557
682. 8, 2, 2, 0, 1, extreme = 0.02399732252765676
683. 8, 2, 2, 1, 0, extreme = 0.0168373604726836
684. 8, 2, 2, 1, 1, extreme = 0.13451491421559686
685. 8, 2, 3, 0, 0, extreme = 0.005095742805750632
686. 8, 2, 3, 0, 1, extreme = 0.04071026497842991
687. 8, 2, 3, 1, 0, extreme = 0.02856374520908783
688. 8, 2, 3, 1, 1, extreme = 0.22819786644766318
689. 8, 3, 0, 0, 0, extreme = 0.00015075906134526961
690. 8, 3, 0, 0, 1, extreme = 0.0012044252563805002
691. 8, 3, 0, 1, 0, extreme = 0.0008450668686354919
692. 8, 3, 0, 1, 1, extreme = 0.006751301519342507
693. 8, 3, 1, 0, 0, extreme = 0.001459810616459173
694. 8, 3, 1, 0, 1, extreme = 0.011662534645059223
695. 8, 3, 1, 1, 0, extreme = 0.00818284204905411
696. 8, 3, 1, 1, 1, extreme = 0.06537332844147731
697. 8, 3, 2, 0, 0, extreme = 0.005248672921329395
698. 8, 3, 2, 0, 1, extreme = 0.04193203494715113
699. 8, 3, 2, 1, 0, extreme = 0.029420981734302264
700. 8, 3, 2, 1, 1, extreme = 0.23504639225066973
701. 8, 3, 3, 0, 0, extreme = 0.008904112747002112
702. 8, 3, 3, 0, 1, extreme = 0.0711356132258474
703. 8, 3, 3, 1, 0, extreme = 0.049911233261486096
704. 8, 3, 3, 1, 1, extreme = 0.3987445224241479
705. 8, 4, 0, 0, 0, extreme = 0.0001772699464077541
706. 8, 4, 0, 0, 1, extreme = 0.001416222671761919
707. 8, 4, 0, 1, 0, extreme = 0.0009936713400655747
708. 8, 4, 0, 1, 1, extreme = 0.00793851359803513
709. 8, 4, 1, 0, 0, extreme = 0.0017165173849983501
710. 8, 4, 1, 0, 1, extreme = 0.01371338394561511
711. 8, 4, 1, 1, 0, extreme = 0.009621789619509684
712. 8, 4, 1, 1, 1, extreme = 0.07686918667380525
713. 8, 4, 2, 0, 0, extreme = 0.006171648716656633
714. 8, 4, 2, 0, 1, extreme = 0.049305756625970046
715. 8, 4, 2, 1, 0, extreme = 0.03459464266203406
716. 8, 4, 2, 1, 1, extreme = 0.27637915085042114
717. 8, 4, 3, 0, 0, extreme = 0.01046989531100043
718. 8, 4, 3, 0, 1, extreme = 0.08364476557298732
719. 8, 4, 3, 1, 0, extreme = 0.05868809188951726
720. 8, 4, 3, 1, 1, extreme = 0.46886349311123576
721. 9, 0, 0, 0, 0, extreme = 4.956201543032009e-06
722. 9, 0, 0, 0, 1, extreme = 3.959545954235314e-05
723. 9, 0, 0, 1, 0, extreme = 2.778155873963904e-05
724. 9, 0, 0, 1, 1, extreme = 0.00022194892107352314
725. 9, 0, 1, 0, 0, extreme = 4.7991248852760774e-05
726. 9, 0, 1, 0, 1, extreme = 0.0003834056254245871
727. 9, 0, 1, 1, 0, extreme = 0.0002690107913117603
728. 9, 0, 1, 1, 1, extreme = 0.002149147045647578
729. 9, 0, 2, 0, 0, extreme = 0.00017255003181524718
730. 9, 0, 2, 0, 1, extreme = 0.0013785149260884773
731. 9, 0, 2, 1, 0, extreme = 0.0009672142673740568
732. 9, 0, 2, 1, 1, extreme = 0.007727146093652887
733. 9, 0, 3, 0, 0, extreme = 0.00029272255307397175
734. 9, 0, 3, 0, 1, extreme = 0.002338582058606956
735. 9, 0, 3, 1, 0, extreme = 0.0016408309331316334
736. 9, 0, 3, 1, 1, extreme = 0.01310871930137639
737. 9, 1, 0, 0, 0, extreme = 3.755947939451479e-05
738. 9, 1, 0, 0, 1, extreme = 0.00030006545010023055
739. 9, 1, 0, 1, 0, extreme = 0.0002105364105896764
740. 9, 1, 0, 1, 1, extreme = 0.0016819909068096473
741. 9, 1, 1, 0, 0, extreme = 0.0003636910861578049
742. 9, 1, 1, 0, 1, extreme = 0.0029055549018424634
743. 9, 1, 1, 1, 0, extreme = 0.002038638902282212
744. 9, 1, 1, 1, 1, extreme = 0.01628683649684688
745. 9, 1, 2, 0, 0, extreme = 0.0013076323285519365
746. 9, 1, 2, 0, 1, extreme = 0.010446771083037218
747. 9, 1, 2, 1, 0, extreme = 0.007329819828774058
748. 9, 1, 2, 1, 1, extreme = 0.05855847103130742
749. 9, 1, 3, 0, 0, extreme = 0.0022183332548186886
750. 9, 1, 3, 0, 1, extreme = 0.017722427927919854
751. 9, 1, 3, 1, 0, extreme = 0.012434675040502491
752. 9, 1, 3, 1, 1, extreme = 0.09934153569294125
753. 9, 2, 0, 0, 0, extreme = 0.00011798702941178336
754. 9, 2, 0, 0, 1, extreme = 0.0009426070770194517
755. 9, 2, 0, 1, 0, extreme = 0.0006613660803861721
756. 9, 2, 0, 1, 1, extreme = 0.005283702377969707
757. 9, 2, 1, 0, 0, extreme = 0.0011424767214843526
758. 9, 2, 1, 0, 1, extreme = 0.009127330761440303
759. 9, 2, 1, 1, 0, extreme = 0.0064040543692600975
760. 9, 2, 1, 1, 1, extreme = 0.05116246251962204
761. 9, 2, 2, 0, 0, extreme = 0.0041077154554806684
762. 9, 2, 2, 0, 1, extreme = 0.032816841630996824
763. 9, 2, 2, 1, 0, extreme = 0.023025443421000588
764. 9, 2, 2, 1, 1, extreme = 0.18395196512997858
765. 9, 2, 3, 0, 0, extreme = 0.006968535112860313
766. 9, 2, 3, 0, 1, extreme = 0.05567214079876368
767. 9, 2, 3, 1, 0, extreme = 0.039061520377303115
768. 9, 2, 3, 1, 1, extreme = 0.31206536625549
769. 9, 3, 0, 0, 0, extreme = 0.00020616617686842188
770. 9, 3, 0, 0, 1, extreme = 0.0016470767873982117
771. 9, 3, 0, 1, 0, extreme = 0.0011556466586491844
772. 9, 3, 0, 1, 1, extreme = 0.009232546360454546
773. 9, 3, 1, 0, 0, extreme = 0.0019963216211465566
774. 9, 3, 1, 0, 1, extreme = 0.0159487606178494
775. 9, 3, 1, 1, 0, extreme = 0.011190208045326118
776. 9, 3, 1, 1, 1, extreme = 0.08939939711534918
777. 9, 3, 2, 0, 0, extreme = 0.007177670251906526
778. 9, 3, 2, 0, 1, extreme = 0.05734293684389845
779. 9, 3, 2, 1, 0, extreme = 0.040233809296445926
780. 9, 3, 2, 1, 1, extreme = 0.3214308688620429
781. 9, 3, 3, 0, 0, extreme = 0.012176560845325316
782. 9, 3, 3, 0, 1, extreme = 0.09727944235720644
783. 9, 3, 3, 1, 0, extreme = 0.06825465781285507
784. 9, 3, 3, 1, 1, extreme = 0.5452914936047439
785. 9, 4, 0, 0, 0, extreme = 0.00024242036795955044
786. 9, 4, 0, 0, 1, extreme = 0.0019367141930052762
787. 9, 4, 0, 1, 0, extreme = 0.001358866388640254
788. 9, 4, 0, 1, 1, extreme = 0.010856083766511431
789. 9, 4, 1, 0, 0, extreme = 0.002347373508666349
790. 9, 4, 1, 0, 1, extreme = 0.01875334002989912
791. 9, 4, 1, 1, 0, extreme = 0.013157999013694587
792. 9, 4, 1, 1, 1, extreme = 0.10512022424462204
793. 9, 4, 2, 0, 0, extreme = 0.008439859001071739
794. 9, 4, 2, 0, 1, extreme = 0.06742665582071201
795. 9, 4, 2, 1, 0, extreme = 0.04730889907457331
796. 9, 4, 2, 1, 1, extreme = 0.3779542827377788
797. 9, 4, 3, 0, 0, extreme = 0.014317801326303522
798. 9, 4, 3, 0, 1, extreme = 0.11438597043095265
799. 9, 4, 3, 1, 0, extreme = 0.08025719598276113
800. 9, 4, 3, 1, 1, extreme = 0.6411806559775332
801. 10, 0, 0, 0, 0, extreme = 6.0881200064778834e-06
802. 10, 0, 0, 0, 1, extreme = 4.863843960187575e-05
803. 10, 0, 0, 1, 0, extreme = 3.412642970738944e-05
804. 10, 0, 0, 1, 1, extreme = 0.0002726385630349597
805. 10, 0, 1, 0, 0, extreme = 5.8951695111577244e-05
806. 10, 0, 1, 0, 1, extreme = 0.00047096943868743697
807. 10, 0, 1, 1, 0, extreme = 0.0003304486240770692
808. 10, 0, 1, 1, 1, extreme = 0.0026399784213507627
809. 10, 0, 2, 0, 0, extreme = 0.0002119577445936841
810. 10, 0, 2, 0, 1, extreme = 0.001693346048960995
811. 10, 0, 2, 1, 0, extreme = 0.0011881107902138462
812. 10, 0, 2, 1, 1, extreme = 0.009491904701067913
813. 10, 0, 3, 0, 0, extreme = 0.00035957577920180675
814. 10, 0, 3, 0, 1, extreme = 0.00287267741115412
815. 10, 0, 3, 1, 0, extreme = 0.0020155709053621823
816. 10, 0, 3, 1, 1, extreme = 0.01610254456867574
817. 10, 1, 0, 0, 0, extreme = 4.613747361749742e-05
818. 10, 1, 0, 0, 1, extreme = 0.00036859567839334057
819. 10, 1, 0, 1, 0, extreme = 0.0002586196146936579
820. 10, 1, 0, 1, 1, extreme = 0.0020661311695159925
821. 10, 1, 1, 0, 0, extreme = 0.0004467524087933773
822. 10, 1, 1, 0, 1, extreme = 0.0035691379323943566
823. 10, 1, 1, 1, 0, extreme = 0.0025042319565107096
824. 10, 1, 1, 1, 1, extreme = 0.02000649373472165
825. 10, 1, 2, 0, 0, extreme = 0.0016062749812438147
826. 10, 1, 2, 0, 1, extreme = 0.012832649253973804
827. 10, 1, 2, 1, 0, extreme = 0.009003835367868824
828. 10, 1, 2, 1, 1, extreme = 0.07193230459638632
829. 10, 1, 3, 0, 0, extreme = 0.002724965672286753
830. 10, 1, 3, 0, 1, extreme = 0.02176995166450083
831. 10, 1, 3, 1, 0, extreme = 0.015274559202413267
832. 10, 1, 3, 1, 1, extreme = 0.12202957964385719
833. 10, 2, 0, 0, 0, extreme = 0.00014493341080462461
834. 10, 2, 0, 0, 1, extreme = 0.001157883704692737
835. 10, 2, 0, 1, 0, extreme = 0.0008124116887994178
836. 10, 2, 0, 1, 1, extreme = 0.006490416880003055
837. 10, 2, 1, 0, 0, extreme = 0.0014034004316840242
838. 10, 2, 1, 0, 1, extreme = 0.011211869519832163
839. 10, 2, 1, 1, 0, extreme = 0.007866639641174233
840. 10, 2, 1, 1, 1, extreme = 0.06284716409168313
841. 10, 2, 2, 0, 0, extreme = 0.005045853044573969
842. 10, 2, 2, 0, 1, extreme = 0.04031169199807452
843. 10, 2, 2, 1, 0, extreme = 0.02828409247128005
844. 10, 2, 2, 1, 1, extreme = 0.22596370010684036
845. 10, 2, 3, 0, 0, extreme = 0.008560038906427193
846. 10, 2, 3, 0, 1, extreme = 0.06838678194532367
847. 10, 2, 3, 1, 0, extreme = 0.047982557131245926
848. 10, 2, 3, 1, 1, extreme = 0.3833361866205743
849. 10, 3, 0, 0, 0, extreme = 0.00025325128834123985
850. 10, 3, 0, 0, 1, extreme = 0.0020232432144859634
851. 10, 3, 0, 1, 0, extreme = 0.0014195781753131138
852. 10, 3, 0, 1, 1, extreme = 0.011341114706451492
853. 10, 3, 1, 0, 0, extreme = 0.002452250074082232
854. 10, 3, 1, 0, 1, extreme = 0.01959120664343581
855. 10, 3, 1, 1, 0, extreme = 0.013745875522996203
856. 10, 3, 1, 1, 1, extreme = 0.10981681302089523
857. 10, 3, 2, 0, 0, extreme = 0.008816937221201106
858. 10, 3, 2, 0, 1, extreme = 0.07043916152287136
859. 10, 3, 2, 1, 0, extreme = 0.04942257839754003
860. 10, 3, 2, 1, 1, extreme = 0.3948406226881186
861. 10, 3, 3, 0, 0, extreme = 0.014957495785607025
862. 10, 3, 3, 0, 1, extreme = 0.11949653663026909
863. 10, 3, 3, 1, 0, extreme = 0.08384294790230269
864. 10, 3, 3, 1, 1, extreme = 0.669827492436138
865. 10, 4, 0, 0, 0, extreme = 0.0002977853663411317
866. 10, 4, 0, 0, 1, extreme = 0.002379029247073728
867. 10, 4, 0, 1, 0, extreme = 0.0016692100946625388
868. 10, 4, 0, 1, 1, extreme = 0.01333544251520991
869. 10, 4, 1, 0, 0, extreme = 0.002883476690103497
870. 10, 4, 1, 0, 1, extreme = 0.023036307872674824
871. 10, 4, 1, 1, 0, extreme = 0.016163078992038664
872. 10, 4, 1, 1, 1, extreme = 0.1291280297527222
873. 10, 4, 2, 0, 0, extreme = 0.010367390024426507
874. 10, 4, 2, 0, 1, extreme = 0.08282584328095072
875. 10, 4, 2, 1, 0, extreme = 0.05811350737850587
876. 10, 4, 2, 1, 1, extreme = 0.464273095089307
877. 10, 4, 3, 0, 0, extreme = 0.017587761907300846
878. 10, 4, 3, 0, 1, extreme = 0.14050992660299344
879. 10, 4, 3, 1, 0, extreme = 0.0985866769710799
880. 10, 4, 3, 1, 1, extreme = 0.7876162310048782
881. 11, 0, 0, 0, 0, extreme = 6.88970939510703e-06
882. 11, 0, 0, 0, 1, extreme = 5.50423963279027e-05
883. 11, 0, 0, 1, 0, extreme = 3.8619669639607454e-05
884. 11, 0, 0, 1, 1, extreme = 0.00030853538813488987
885. 11, 0, 1, 0, 0, extreme = 6.671354165745028e-05
886. 11, 0, 1, 0, 1, extreme = 0.0005329794030144838
887. 11, 0, 1, 1, 0, extreme = 0.00037395698302292407
888. 11, 0, 1, 1, 1, extreme = 0.0029875699087907335
889. 11, 0, 2, 0, 0, extreme = 0.00023986505895727802
890. 11, 0, 2, 0, 1, extreme = 0.001916299640986112
891. 11, 0, 2, 1, 0, extreme = 0.0013445428252160897
892. 11, 0, 2, 1, 1, extreme = 0.010741651762255836
893. 11, 0, 3, 0, 0, extreme = 0.0004069191509995932
894. 11, 0, 3, 0, 1, extreme = 0.003250907099019283
895. 11, 0, 3, 1, 0, extreme = 0.0022809500779226556
896. 11, 0, 3, 1, 1, extreme = 0.01822267834436419
897. 11, 1, 0, 0, 0, extreme = 5.221214186165032e-05
898. 11, 1, 0, 0, 1, extreme = 0.000417126650874219
899. 11, 1, 0, 1, 0, extreme = 0.000292670641711722
900. 11, 1, 0, 1, 1, extreme = 0.0023381673349065777
901. 11, 1, 1, 0, 0, extreme = 0.0005055738495422854
902. 11, 1, 1, 0, 1, extreme = 0.004039066759374925
903. 11, 1, 1, 1, 0, extreme = 0.0028339504510326817
904. 11, 1, 1, 1, 1, extreme = 0.022640639097225124
905. 11, 1, 2, 0, 0, extreme = 0.0018177644030711634
906. 11, 1, 2, 0, 1, extreme = 0.014522253837825643
907. 11, 1, 2, 1, 0, extreme = 0.010189321015354092
908. 11, 1, 2, 1, 1, extreme = 0.08140323683864685
909. 11, 1, 3, 0, 0, extreme = 0.0030837469651915582
910. 11, 1, 3, 0, 1, extreme = 0.02463628186605164
911. 11, 1, 3, 1, 0, extreme = 0.017285676683608506
912. 11, 1, 3, 1, 1, extreme = 0.13809654547851735
913. 11, 2, 0, 0, 0, extreme = 0.00016401599853863795
914. 11, 2, 0, 0, 1, extreme = 0.0013103359050371348
915. 11, 2, 0, 1, 0, extreme = 0.000919377482549703
916. 11, 2, 0, 1, 1, extreme = 0.0073449744927396995
917. 11, 2, 1, 0, 0, extreme = 0.001588178473647472
918. 11, 2, 1, 0, 1, extreme = 0.012688074920551816
919. 11, 2, 1, 1, 0, extreme = 0.00890239696097495
920. 11, 2, 1, 1, 1, extreme = 0.07112190568477346
921. 11, 2, 2, 0, 0, extreme = 0.005710212855617267
922. 11, 2, 2, 0, 1, extreme = 0.045619311510988345
923. 11, 2, 2, 1, 0, extreme = 0.03200810388496111
924. 11, 2, 2, 1, 1, extreme = 0.25571510185784
925. 11, 2, 3, 0, 0, extreme = 0.009687092306548045
926. 11, 2, 3, 0, 1, extreme = 0.07739089465524714
927. 11, 2, 3, 1, 0, extreme = 0.0543001574076488
928. 11, 2, 3, 1, 1, extreme = 0.4338079610181986
929. 11, 3, 0, 0, 0, extreme = 0.00028659549725548565
930. 11, 3, 0, 0, 1, extreme = 0.002289632557932254
931. 11, 3, 0, 1, 0, extreme = 0.0016064862521003238
932. 11, 3, 0, 1, 1, extreme = 0.012834337112423213
933. 11, 3, 1, 0, 0, extreme = 0.0027751243990886067
934. 11, 3, 1, 0, 1, extreme = 0.02217067343106639
935. 11, 3, 1, 1, 0, extreme = 0.015555719603751331
936. 11, 3, 1, 1, 1, extreme = 0.12427579081978175
937. 11, 3, 2, 0, 0, extreme = 0.00997781501421506
938. 11, 3, 2, 0, 1, extreme = 0.0797134998014516
939. 11, 3, 2, 1, 0, extreme = 0.05592977838045877
940. 11, 3, 2, 1, 1, extreme = 0.4468271231200676
941. 11, 3, 3, 0, 0, extreme = 0.016926867264725438
942. 11, 3, 3, 0, 1, extreme = 0.1352299905764525
943. 11, 3, 3, 1, 0, extreme = 0.0948820892592999
944. 11, 3, 3, 1, 1, extreme = 0.7580200066404534
945. 11, 4, 0, 0, 0, extreme = 0.0003369931331877298
946. 11, 4, 0, 0, 1, extreme = 0.0026922629871550005
947. 11, 4, 0, 1, 0, extreme = 0.0018889858378887668
948. 11, 4, 0, 1, 1, extreme = 0.015091247131658395
949. 11, 4, 1, 0, 0, extreme = 0.003263128259830624
950. 11, 4, 1, 0, 1, extreme = 0.0260693722545008
951. 11, 4, 1, 1, 0, extreme = 0.018291183003425963
952. 11, 4, 1, 1, 1, extreme = 0.1461296096023698
953. 11, 4, 2, 0, 0, extreme = 0.011732407439082842
954. 11, 4, 2, 0, 1, extreme = 0.09373106804781274
955. 11, 4, 2, 1, 0, extreme = 0.06576499434017326
956. 11, 4, 2, 1, 1, extreme = 0.525401388561449
957. 11, 4, 3, 0, 0, extreme = 0.019903446108602323
958. 11, 4, 3, 0, 1, extreme = 0.1590100984199382
959. 11, 4, 3, 1, 0, extreme = 0.11156704431537368
960. 11, 4, 3, 1, 1, extreme = 0.8913173427460773
961. 12, 0, 0, 0, 0, extreme = 7.362759920029383e-06
962. 12, 0, 0, 0, 1, extreme = 5.8821631848981466e-05
963. 12, 0, 0, 1, 0, extreme = 4.127131340970879e-05
964. 12, 0, 0, 1, 1, extreme = 0.00032971956571689143
965. 12, 0, 1, 0, 0, extreme = 7.1294123230731e-05
966. 12, 0, 1, 0, 1, extreme = 0.0005695740069244632
967. 12, 0, 1, 1, 0, extreme = 0.00039963303653586416
968. 12, 0, 1, 1, 1, extreme = 0.003192697793371667
969. 12, 0, 2, 0, 0, extreme = 0.0002563343010607048
970. 12, 0, 2, 0, 1, extreme = 0.00204787363040877
971. 12, 0, 2, 1, 0, extreme = 0.0014368597362458583
972. 12, 0, 2, 1, 1, extreme = 0.011479178370892908
973. 12, 0, 3, 0, 0, extreme = 0.0004348584016910698
974. 12, 0, 3, 0, 1, extreme = 0.0034741158327224833
975. 12, 0, 3, 1, 0, extreme = 0.00243756112924643
976. 12, 0, 3, 1, 1, extreme = 0.01947385558014349
977. 12, 1, 0, 0, 0, extreme = 5.5797050846710686e-05
978. 12, 1, 0, 0, 1, extreme = 0.000445766753067105
979. 12, 1, 0, 1, 0, extreme = 0.0003127655387170174
980. 12, 1, 0, 1, 1, extreme = 0.0024987069486556526
981. 12, 1, 1, 0, 0, extreme = 0.0005402867759079233
982. 12, 1, 1, 0, 1, extreme = 0.004316390887454359
983. 12, 1, 1, 1, 0, extreme = 0.003028530755017205
984. 12, 1, 1, 1, 1, extreme = 0.024195155491940717
985. 12, 1, 2, 0, 0, extreme = 0.0019425729190397276
986. 12, 1, 2, 0, 1, extreme = 0.015519358273887618
987. 12, 1, 2, 1, 0, extreme = 0.010888924348165017
988. 12, 1, 2, 1, 1, extreme = 0.0869924194454268
989. 12, 1, 3, 0, 0, extreme = 0.00329547840943035
990. 12, 1, 3, 0, 1, extreme = 0.02632781998479253
991. 12, 1, 3, 1, 0, extreme = 0.018472518966771607
992. 12, 1, 3, 1, 1, extreme = 0.1475783159832313
993. 12, 2, 0, 0, 0, extreme = 0.00017527741026951129
994. 12, 2, 0, 0, 1, extreme = 0.001400304153646087
995. 12, 2, 0, 1, 0, extreme = 0.0009825023512169933
996. 12, 2, 0, 1, 1, extreme = 0.007849283722647041
997. 12, 2, 1, 0, 0, extreme = 0.0016972235171384025
998. 12, 2, 1, 0, 1, extreme = 0.013559243812767182
999. 12, 2, 1, 1, 0, extreme = 0.009513639513301926
1000. 12, 2, 1, 1, 1, extreme = 0.07600516750152786
1001. 12, 2, 2, 0, 0, extreme = 0.006102278621219294
1002. 12, 2, 2, 0, 1, extreme = 0.048751553818943354
1003. 12, 2, 2, 1, 0, extreme = 0.03420579459674981
1004. 12, 2, 2, 1, 1, extreme = 0.2732726149875422
1005. 12, 2, 3, 0, 0, extreme = 0.010352212391850664
1006. 12, 2, 3, 0, 1, extreme = 0.08270458805527282
1007. 12, 2, 3, 1, 0, extreme = 0.05802843047288098
1008. 12, 2, 3, 1, 1, extreme = 0.4635934094176469
1009. 12, 3, 0, 0, 0, extreme = 0.0003062732721284539
1010. 12, 3, 0, 0, 1, extreme = 0.0024468397522122297
1011. 12, 3, 0, 1, 0, extreme = 0.0017167883158384994
1012. 12, 3, 0, 1, 1, extreme = 0.013715548432072483
1013. 12, 3, 1, 0, 0, extreme = 0.0029656656800671637
1014. 12, 3, 1, 0, 1, extreme = 0.02369292177319477
1015. 12, 3, 1, 1, 0, extreme = 0.01662378226098409
1016. 12, 3, 1, 1, 1, extreme = 0.13280862213545222
1017. 12, 3, 2, 0, 0, extreme = 0.01066289625050126
1018. 12, 3, 2, 0, 1, extreme = 0.08518666430839796
1019. 12, 3, 2, 1, 0, extreme = 0.05976994194968808
1020. 12, 3, 2, 1, 1, extreme = 0.47750647300550786
1021. 12, 3, 3, 0, 0, extreme = 0.018089073532896346
1022. 12, 3, 3, 0, 1, extreme = 0.1445149421410086
1023. 12, 3, 3, 1, 0, extreme = 0.10139673589471784
1024. 12, 3, 3, 1, 1, extreme = 0.8100659989282518
1025. 12, 4, 0, 0, 0, extreme = 0.0003601312322580474
1026. 12, 4, 0, 0, 1, extreme = 0.002877114966573345
1027. 12, 4, 0, 1, 0, extreme = 0.0020186844493888085
1028. 12, 4, 0, 1, 1, extreme = 0.016127418901462492
1029. 12, 4, 1, 0, 0, extreme = 0.0034871761038947156
1030. 12, 4, 1, 0, 1, extreme = 0.02785930699952008
1031. 12, 4, 1, 1, 0, extreme = 0.019547063799699674
1032. 12, 4, 1, 1, 1, extreme = 0.15616293387845498
1033. 12, 4, 2, 0, 0, extreme = 0.012537959775093213
1034. 12, 4, 2, 0, 1, extreme = 0.10016668505265186
1035. 12, 4, 2, 1, 0, extreme = 0.07028044823090318
1036. 12, 4, 2, 1, 1, extreme = 0.5614756826137406
1037. 12, 4, 3, 0, 0, extreme = 0.021270025609927117
1038. 12, 4, 3, 0, 1, extreme = 0.1699278028123654
1039. 12, 4, 3, 1, 0, extreme = 0.11922728741864655
1040. 12, 4, 3, 1, 1, extreme = 0.9525155896790859
1041. 13, 0, 0, 0, 0, extreme = 7.594682749739731e-06
1042. 13, 0, 0, 0, 1, extreme = 6.067448043494238e-05
1043. 13, 0, 0, 1, 0, extreme = 4.257133675636221e-05
1044. 13, 0, 0, 1, 1, extreme = 0.0003401055480825399
1045. 13, 0, 1, 0, 0, extreme = 7.3539848336667e-05
1046. 13, 0, 1, 0, 1, extreme = 0.0005875152703705292
1047. 13, 0, 1, 1, 0, extreme = 0.00041222125422676057
1048. 13, 0, 1, 1, 1, extreme = 0.003293265992619129
1049. 13, 0, 2, 0, 0, extreme = 0.00026440868853218786
1050. 13, 0, 2, 0, 1, extreme = 0.0021123805072338
1051. 13, 0, 2, 1, 0, extreme = 0.0014821200162966133
1052. 13, 0, 2, 1, 1, extreme = 0.011840766085207064
1053. 13, 0, 3, 0, 0, extreme = 0.0004485561987317085
1054. 13, 0, 3, 0, 1, extreme = 0.0035835485432030535
1055. 13, 0, 3, 1, 0, extreme = 0.002514342944873596
1056. 13, 0, 3, 1, 1, extreme = 0.020087271166224357
1057. 13, 1, 0, 0, 0, extreme = 5.755462681854949e-05
1058. 13, 1, 0, 0, 1, extreme = 0.0004598081570901911
1059. 13, 1, 0, 1, 0, extreme = 0.0003226174786910215
1060. 13, 1, 0, 1, 1, extreme = 0.002577414823480236
1061. 13, 1, 1, 0, 0, extreme = 0.0005573055079166598
1062. 13, 1, 1, 0, 1, extreme = 0.004452354792243799
1063. 13, 1, 1, 1, 0, extreme = 0.0031239277841472284
1064. 13, 1, 1, 1, 1, extreme = 0.024957289391174305
1065. 13, 1, 2, 0, 0, extreme = 0.002003762882205142
1066. 13, 1, 2, 0, 1, extreme = 0.0160082094010821
1067. 13, 1, 2, 1, 0, extreme = 0.011231919390072925
1068. 13, 1, 2, 1, 1, extreme = 0.08973263212386116
1069. 13, 1, 3, 0, 0, extreme = 0.0033992841407411425
1070. 13, 1, 3, 0, 1, extreme = 0.02715713162571228
1071. 13, 1, 3, 1, 0, extreme = 0.019054393008188765
1072. 13, 1, 3, 1, 1, extreme = 0.15222695060102043
1073. 13, 2, 0, 0, 0, extreme = 0.000180798550903667
1074. 13, 2, 0, 0, 1, extreme = 0.0014444129532397404
1075. 13, 2, 0, 1, 0, extreme = 0.001013450627130682
1076. 13, 2, 0, 1, 1, extreme = 0.008096531780702482
1077. 13, 2, 1, 0, 0, extreme = 0.0017506851110272495
1078. 13, 2, 1, 0, 1, extreme = 0.013986352428007344
1079. 13, 2, 1, 1, 0, extreme = 0.009813313850199274
1080. 13, 2, 1, 1, 1, extreme = 0.07839928787364683
1081. 13, 2, 2, 0, 0, extreme = 0.006294496993254504
1082. 13, 2, 2, 0, 1, extreme = 0.05028720056517334
1083. 13, 2, 2, 1, 0, extreme = 0.03528325804273129
1084. 13, 2, 2, 1, 1, extreme = 0.2818805498976356
1085. 13, 2, 3, 0, 0, extreme = 0.0106783013065726
1086. 13, 2, 3, 0, 1, extreme = 0.08530973643714905
1087. 13, 2, 3, 1, 0, extreme = 0.05985629365803114
1088. 13, 2, 3, 1, 1, extreme = 0.47819634317007326
1089. 13, 3, 0, 0, 0, extreme = 0.00031592070932703024
1090. 13, 3, 0, 0, 1, extreme = 0.0025239138392861653
1091. 13, 3, 0, 1, 0, extreme = 0.0017708661899709672
1092. 13, 3, 0, 1, 1, extreme = 0.01414758055561657
1093. 13, 3, 1, 0, 0, extreme = 0.0030590824944094278
1094. 13, 3, 1, 0, 1, extreme = 0.02443923559048998
1095. 13, 3, 1, 1, 0, extreme = 0.017147422127600946
1096. 13, 3, 1, 1, 1, extreme = 0.13699201963722268
1097. 13, 3, 2, 0, 0, extreme = 0.010998771533436503
1098. 13, 3, 2, 0, 1, extreme = 0.087869996707468
1099. 13, 3, 2, 1, 0, extreme = 0.06165266177474787
1100. 13, 3, 2, 1, 1, extreme = 0.4925476604986896
1101. 13, 3, 3, 0, 0, extreme = 0.018658869257075158
1102. 13, 3, 3, 0, 1, extreme = 0.1490670821918601
1103. 13, 3, 3, 1, 0, extreme = 0.1045906765049669
1104. 13, 3, 3, 1, 1, extreme = 0.8355826259491191
1105. 13, 4, 0, 0, 0, extreme = 0.0003714751651527149
1106. 13, 4, 0, 0, 1, extreme = 0.00296774248284404
1107. 13, 4, 0, 1, 0, extreme = 0.0020822718832966985
1108. 13, 4, 0, 1, 1, extreme = 0.016635423599181392
1109. 13, 4, 1, 0, 0, extreme = 0.0035970202056307323
1110. 13, 4, 1, 0, 1, extreme = 0.02873685962696909
1111. 13, 4, 1, 1, 0, extreme = 0.020162785403852836
1112. 13, 4, 1, 1, 1, extreme = 0.16108197917048414
1113. 13, 4, 2, 0, 0, extreme = 0.012932898512933052
1114. 13, 4, 2, 0, 1, extreme = 0.10332187974763571
1115. 13, 4, 2, 1, 0, extreme = 0.07249424313988587
1116. 13, 4, 2, 1, 1, extreme = 0.5791618533621695
1117. 13, 4, 3, 0, 0, extreme = 0.02194001954984173
1118. 13, 4, 3, 0, 1, extreme = 0.17528043379623004
1119. 13, 4, 3, 1, 0, extreme = 0.12298288045402442
1120. 13, 4, 3, 1, 1, extreme = 0.9825192993342982
1121. 14, 0, 0, 0, 0, extreme = 7.688534476586209e-06
1122. 14, 0, 0, 0, 1, extreme = 6.142426880029935e-05
1123. 14, 0, 0, 1, 0, extreme = 4.309741448737533e-05
1124. 14, 0, 0, 1, 1, extreme = 0.000344308421862713
1125. 14, 0, 1, 0, 0, extreme = 7.444862122236268e-05
1126. 14, 0, 1, 0, 1, extreme = 0.0005947755239571373
1127. 14, 0, 1, 1, 0, extreme = 0.0004173153019739595
1128. 14, 0, 1, 1, 1, extreme = 0.0033339627156498144
1129. 14, 0, 2, 0, 0, extreme = 0.00026767613403711155
1130. 14, 0, 2, 0, 1, extreme = 0.002138484370277655
1131. 14, 0, 2, 1, 0, extreme = 0.0015004353992437065
1132. 14, 0, 2, 1, 1, extreme = 0.011987089029943627
1133. 14, 0, 3, 0, 0, extreme = 0.00045409925763566407
1134. 14, 0, 3, 0, 1, extreme = 0.0036278324494701465
1135. 14, 0, 3, 1, 0, extreme = 0.002545414081751398
1136. 14, 0, 3, 1, 1, extreme = 0.020335500769580496
1137. 14, 1, 0, 0, 0, extreme = 5.826586141424218e-05
1138. 14, 1, 0, 0, 1, extreme = 0.0004654902627136932
1139. 14, 1, 0, 1, 0, extreme = 0.0003266042426525637
1140. 14, 1, 0, 1, 1, extreme = 0.002609265374708543
1141. 14, 1, 1, 0, 0, extreme = 0.0005641924426343509
1142. 14, 1, 1, 0, 1, extreme = 0.004507375021469251
1143. 14, 1, 1, 1, 0, extreme = 0.0031625319005727567
1144. 14, 1, 1, 1, 1, extreme = 0.025265700523535196
1145. 14, 1, 2, 0, 0, extreme = 0.0020285244967297605
1146. 14, 1, 2, 0, 1, extreme = 0.016206031765164795
1147. 14, 1, 2, 1, 0, extreme = 0.011370718476920219
1148. 14, 1, 2, 1, 1, extreme = 0.0908415082621821
1149. 14, 1, 3, 0, 0, extreme = 0.0034412909891063798
1150. 14, 1, 3, 0, 1, extreme = 0.02749272743441904
1151. 14, 1, 3, 1, 0, extreme = 0.019289858760578652
1152. 14, 1, 3, 1, 1, extreme = 0.1541081038574838
1153. 14, 2, 0, 0, 0, extreme = 0.00018303277934648526
1154. 14, 2, 0, 0, 1, extreme = 0.0014622623689965228
1155. 14, 2, 0, 1, 0, extreme = 0.0010259744012716253
1156. 14, 2, 0, 1, 1, extreme = 0.00819658513567802
1157. 14, 2, 1, 0, 0, extreme = 0.0017723193025068018
1158. 14, 2, 1, 0, 1, extreme = 0.014159189578801678
1159. 14, 2, 1, 1, 0, extreme = 0.009934582437877832
1160. 14, 2, 1, 1, 1, extreme = 0.07936811156160509
1161. 14, 2, 2, 0, 0, extreme = 0.006372281600184549
1162. 14, 2, 2, 0, 1, extreme = 0.05090862752490757
1163. 14, 2, 2, 1, 0, extreme = 0.03571927292382605
1164. 14, 2, 2, 1, 1, extreme = 0.2853639049295801
1165. 14, 2, 3, 0, 0, extreme = 0.010810259026260519
1166. 14, 2, 3, 0, 1, extreme = 0.08636395638882756
1167. 14, 2, 3, 1, 0, extreme = 0.060595971233454365
1168. 14, 2, 3, 1, 1, extreme = 0.4841056818557109
1169. 14, 3, 0, 0, 0, extreme = 0.0003198247175777925
1170. 14, 3, 0, 0, 1, extreme = 0.0025551032490395676
1171. 14, 3, 0, 1, 0, extreme = 0.0017927497702888565
1172. 14, 3, 0, 1, 1, extreme = 0.014322410092227532
1173. 14, 3, 1, 0, 0, extreme = 0.0030968852814548765
1174. 14, 3, 1, 0, 1, extreme = 0.024741244843352318
1175. 14, 3, 1, 1, 0, extreme = 0.017359322378167175
1176. 14, 3, 1, 1, 1, extreme = 0.13868490636215935
1177. 14, 3, 2, 0, 0, extreme = 0.011134689482298588
1178. 14, 3, 2, 0, 1, extreme = 0.0889558552220021
1179. 14, 3, 2, 1, 0, extreme = 0.06241453807200863
1180. 14, 3, 2, 1, 1, extreme = 0.49863434640977367
1181. 14, 3, 3, 0, 0, extreme = 0.018889447302068436
1182. 14, 3, 3, 0, 1, extreme = 0.15090918719356688
1183. 14, 3, 3, 1, 0, extreme = 0.10588316177729361
1184. 14, 3, 3, 1, 1, extreme = 0.845908386083198
1185. 14, 4, 0, 0, 0, extreme = 0.00037606569077162347
1186. 14, 4, 0, 0, 1, extreme = 0.003004416530467703
1187. 14, 4, 0, 1, 0, extreme = 0.0021080036772966465
1188. 14, 4, 0, 1, 1, extreme = 0.016840996798622714
1189. 14, 4, 1, 0, 0, extreme = 0.0036414705887374767
1190. 14, 4, 1, 0, 1, extreme = 0.029091977014884772
1191. 14, 4, 1, 1, 0, extreme = 0.02041194817872337
1192. 14, 4, 1, 1, 1, extreme = 0.16307255894941122
1193. 14, 4, 2, 0, 0, extreme = 0.013092717546665645
1194. 14, 4, 2, 0, 1, extreme = 0.10459868579139994
1195. 14, 4, 2, 1, 0, extreme = 0.07339009489950542
1196. 14, 4, 2, 1, 1, extreme = 0.5863188791198957
1197. 14, 4, 3, 0, 0, extreme = 0.022211144597411185
1198. 14, 4, 3, 0, 1, extreme = 0.17744647179100204
1199. 14, 4, 3, 1, 0, extreme = 0.12450264843953501
1200. 14, 4, 3, 1, 1, extreme = 0.9946608378212974
1201. 15, 0, 0, 0, 0, extreme = 7.71955048203295e-06
1202. 15, 0, 0, 0, 1, extreme = 6.167205795458798e-05
1203. 15, 0, 0, 1, 0, extreme = 4.327127202115522e-05
1204. 15, 0, 0, 1, 1, extreme = 0.00034569738251839766
1205. 15, 0, 1, 0, 0, extreme = 7.474895138910217e-05
1206. 15, 0, 1, 0, 1, extreme = 0.0005971748838022186
1207. 15, 0, 1, 1, 0, extreme = 0.0004189987767269764
1208. 15, 0, 1, 1, 1, extreme = 0.003347412119572335
1209. 15, 0, 2, 0, 0, extreme = 0.0002687559554850794
1210. 15, 0, 2, 0, 1, extreme = 0.00214711114343947
1211. 15, 0, 2, 1, 0, extreme = 0.0015064882449007232
1212. 15, 0, 2, 1, 1, extreme = 0.01203544566016692
1213. 15, 0, 3, 0, 0, extreme = 0.00045593112105398923
1214. 15, 0, 3, 0, 1, extreme = 0.0036424673413803406
1215. 15, 0, 3, 1, 0, extreme = 0.0025556824335763446
1216. 15, 0, 3, 1, 1, extreme = 0.020417535389383828
1217. 15, 1, 0, 0, 0, extreme = 5.8500909365251136e-05
1218. 15, 1, 0, 0, 1, extreme = 0.0004673680781241203
1219. 15, 1, 0, 1, 0, extreme = 0.00032792178359614533
1220. 15, 1, 0, 1, 1, extreme = 0.0026197913064476036
1221. 15, 1, 1, 0, 0, extreme = 0.0005664684285100789
1222. 15, 1, 1, 0, 1, extreme = 0.004525558040436277
1223. 15, 1, 1, 1, 0, extreme = 0.0031752897423893436
1224. 15, 1, 1, 1, 1, extreme = 0.025367623862428995
1225. 15, 1, 2, 0, 0, extreme = 0.0020367076852204962
1226. 15, 1, 2, 0, 1, extreme = 0.01627140786135441
1227. 15, 1, 2, 1, 0, extreme = 0.011416588631666556
1228. 15, 1, 2, 1, 1, extreme = 0.09120796831040462
1229. 15, 1, 3, 0, 0, extreme = 0.003455173361668666
1230. 15, 1, 3, 0, 1, extreme = 0.027603634732350595
1231. 15, 1, 3, 1, 0, extreme = 0.019367675198315518
1232. 15, 1, 3, 1, 1, extreme = 0.15472978511588056
1233. 15, 2, 0, 0, 0, extreme = 0.0001837711444664481
1234. 15, 2, 0, 0, 1, extreme = 0.0014681612223787217
1235. 15, 2, 0, 1, 0, extreme = 0.0010301132430385403
1236. 15, 2, 0, 1, 1, extreme = 0.008229650647705972
1237. 15, 2, 1, 0, 0, extreme = 0.0017794689440031519
1238. 15, 2, 1, 0, 1, extreme = 0.014216308591850907
1239. 15, 2, 1, 1, 0, extreme = 0.00997465913441118
1240. 15, 2, 1, 1, 1, extreme = 0.079688287245019
1241. 15, 2, 2, 0, 0, extreme = 0.006397987763227894
1242. 15, 2, 2, 0, 1, extreme = 0.051113995956746844
1243. 15, 2, 2, 1, 0, extreme = 0.03586336659563475
1244. 15, 2, 2, 1, 1, extreme = 0.2865150798975214
1245. 15, 2, 3, 0, 0, extreme = 0.010853868254242817
1246. 15, 2, 3, 0, 1, extreme = 0.08671235372643663
1247. 15, 2, 3, 1, 0, extreme = 0.060840418986085366
1248. 15, 2, 3, 1, 1, extreme = 0.4860585929743332
1249. 15, 3, 0, 0, 0, extreme = 0.0003211149095139287
1250. 15, 3, 0, 0, 1, extreme = 0.002565410687541735
1251. 15, 3, 0, 1, 0, extreme = 0.0017999818295075878
1252. 15, 3, 0, 1, 1, extreme = 0.014380187546537429
1253. 15, 3, 1, 0, 0, extreme = 0.0031093783009048187
1254. 15, 3, 1, 0, 1, extreme = 0.02484105249683394
1255. 15, 3, 1, 1, 0, extreme = 0.01742935091729549
1256. 15, 3, 1, 1, 1, extreme = 0.13924436952437955
1257. 15, 3, 2, 0, 0, extreme = 0.011179607482039952
1258. 15, 3, 2, 0, 1, extreme = 0.0893147084336886
1259. 15, 3, 2, 1, 0, extreme = 0.06266632203144754
1260. 15, 3, 2, 1, 1, extreme = 0.5006458670254744
1261. 15, 3, 3, 0, 0, extreme = 0.018965648456162377
1262. 15, 3, 3, 0, 1, extreme = 0.15151796383184732
1263. 15, 3, 3, 1, 0, extreme = 0.10631030075057961
1264. 15, 3, 3, 1, 1, extreme = 0.8493208308332477
1265. 15, 4, 0, 0, 0, extreme = 0.0003775827621392327
1266. 15, 4, 0, 0, 1, extreme = 0.0030165365254754698
1267. 15, 4, 0, 1, 0, extreme = 0.0021165074895297697
1268. 15, 4, 0, 1, 1, extreme = 0.016908934381529486
1269. 15, 4, 1, 0, 0, extreme = 0.0036561604977127676
1270. 15, 4, 1, 0, 1, extreme = 0.029209335780758554
1271. 15, 4, 1, 1, 0, extreme = 0.020494291191922812
1272. 15, 4, 1, 1, 1, extreme = 0.16373040335291775
1273. 15, 4, 2, 0, 0, extreme = 0.013145534348095967
1274. 15, 4, 2, 0, 1, extreme = 0.10502064311214913
1275. 15, 4, 2, 1, 0, extreme = 0.07368615490808987
1276. 15, 4, 2, 1, 1, extreme = 0.5886841243566426
1277. 15, 4, 3, 0, 0, extreme = 0.022300745675992495
1278. 15, 4, 3, 0, 1, extreme = 0.17816230141397316
1279. 15, 4, 3, 1, 0, extreme = 0.12500489952963473
1280. 15, 4, 3, 1, 1, extreme = 0.9986733588105023
1281. 16, 0, 0, 0, 0, extreme = 7.727787195292345e-06
1282. 16, 0, 0, 0, 1, extreme = 6.173786166410073e-05
1283. 16, 0, 0, 1, 0, extreme = 4.3317442204359155e-05
1284. 16, 0, 0, 1, 1, extreme = 0.0003460662395160887
1285. 16, 0, 1, 0, 0, extreme = 7.482870806411393e-05
1286. 16, 0, 1, 0, 1, extreme = 0.000597812065759256
1287. 16, 0, 1, 1, 0, extreme = 0.0004194458458650006
1288. 16, 0, 1, 1, 1, extreme = 0.0033509837878779062
1289. 16, 0, 2, 0, 0, extreme = 0.0002690427164496248
1290. 16, 0, 2, 0, 1, extreme = 0.0021494020979277817
1291. 16, 0, 2, 1, 0, extreme = 0.0015080956586653947
1292. 16, 0, 2, 1, 1, extreme = 0.012048287407245657
1293. 16, 0, 3, 0, 0, extreme = 0.00045641759677804796
1294. 16, 0, 3, 0, 1, extreme = 0.0036463538318071446
1295. 16, 0, 3, 1, 0, extreme = 0.002558409331138117
1296. 16, 0, 3, 1, 1, extreme = 0.020439320775055867
1297. 16, 1, 0, 0, 0, extreme = 5.856332947856949e-05
1298. 16, 1, 0, 0, 1, extreme = 0.00046786675701158416
1299. 16, 1, 0, 1, 0, extreme = 0.0003282716741382535
1300. 16, 1, 0, 1, 1, extreme = 0.002622586607785535
1301. 16, 1, 1, 0, 0, extreme = 0.0005670728468666912
1302. 16, 1, 1, 0, 1, extreme = 0.004530386783250327
1303. 16, 1, 1, 1, 0, extreme = 0.0031786777571687565
1304. 16, 1, 1, 1, 1, extreme = 0.025394690962296178
1305. 16, 1, 2, 0, 0, extreme = 0.002038880839892573
1306. 16, 1, 2, 0, 1, extreme = 0.016288769354253836
1307. 16, 1, 2, 1, 0, extreme = 0.011428770062072165
1308. 16, 1, 2, 1, 1, extreme = 0.09130528665603796
1309. 16, 1, 3, 0, 0, extreme = 0.003458860010561991
1310. 16, 1, 3, 0, 1, extreme = 0.027633087642171775
1311. 16, 1, 3, 1, 0, extreme = 0.019388340389569964
1312. 16, 1, 3, 1, 1, extreme = 0.15489488085243325
1313. 16, 2, 0, 0, 0, extreme = 0.00018396722715621658
1314. 16, 2, 0, 0, 1, extreme = 0.0014697277414442345
1315. 16, 2, 0, 1, 0, extreme = 0.0010312123675830793
1316. 16, 2, 0, 1, 1, extreme = 0.00823843163472949
1317. 16, 2, 1, 0, 0, extreme = 0.0017813676265080287
1318. 16, 2, 1, 0, 1, extreme = 0.014231477306370057
1319. 16, 2, 1, 1, 0, extreme = 0.009985302034841919
1320. 16, 2, 1, 1, 1, extreme = 0.07977331416124904
1321. 16, 2, 2, 0, 0, extreme = 0.006404814377130539
1322. 16, 2, 2, 0, 1, extreme = 0.0511685342785335
1323. 16, 2, 2, 1, 0, extreme = 0.03590163258895292
1324. 16, 2, 2, 1, 1, extreme = 0.28682078973944813
1325. 16, 2, 3, 0, 0, extreme = 0.010865449265439453
1326. 16, 2, 3, 0, 1, extreme = 0.08680487527874126
1327. 16, 2, 3, 1, 0, extreme = 0.0609053353418934
1328. 16, 2, 3, 1, 1, extreme = 0.4865772145270922
1329. 16, 3, 0, 0, 0, extreme = 0.00032145753716292686
1330. 16, 3, 0, 0, 1, extreme = 0.002568147965091126
1331. 16, 3, 0, 1, 0, extreme = 0.0018019023991361271
1332. 16, 3, 0, 1, 1, extreme = 0.014395531118901232
1333. 16, 3, 1, 0, 0, extreme = 0.003112695988578361
1334. 16, 3, 1, 0, 1, extreme = 0.024867557748267186
1335. 16, 3, 1, 1, 0, extreme = 0.0174479479283698
1336. 16, 3, 1, 1, 1, extreme = 0.13939294241698857
1337. 16, 3, 2, 0, 0, extreme = 0.011191536055004976
1338. 16, 3, 2, 0, 1, extreme = 0.08941000668258622
1339. 16, 3, 2, 1, 0, extreme = 0.06273318661466325
1340. 16, 3, 2, 1, 1, extreme = 0.501180053110634
1341. 16, 3, 3, 0, 0, extreme = 0.018985884687336127
1342. 16, 3, 3, 0, 1, extreme = 0.15167963257468858
1343. 16, 3, 3, 1, 0, extreme = 0.10642373319277172
1344. 16, 3, 3, 1, 1, extreme = 0.8502270509771647
1345. 16, 4, 0, 0, 0, extreme = 0.00037798564064241353
1346. 16, 4, 0, 0, 1, extreme = 0.0030197551515411527
1347. 16, 4, 0, 1, 0, extreme = 0.0021187657901061037
1348. 16, 4, 0, 1, 1, extreme = 0.016926976111335736
1349. 16, 4, 1, 0, 0, extreme = 0.0036600615986538223
1350. 16, 4, 1, 0, 1, extreme = 0.02924050196380035
1351. 16, 4, 1, 1, 0, extreme = 0.020516158475567793
1352. 16, 4, 1, 1, 1, extreme = 0.1639051026942073
1353. 16, 4, 2, 0, 0, extreme = 0.013159560553030926
1354. 16, 4, 2, 0, 1, extreme = 0.10513269949751057
1355. 16, 4, 2, 1, 0, extreme = 0.0737647775857416
1356. 16, 4, 2, 1, 1, extreme = 0.5893122467251624
1357. 16, 4, 3, 0, 0, extreme = 0.022324540435548938
1358. 16, 4, 3, 0, 1, extreme = 0.17835239950242998
1359. 16, 4, 3, 1, 0, extreme = 0.12513827899464905
1360. 16, 4, 3, 1, 1, extreme = 0.9997389371904173
1361. 17, 0, 0, 0, 0, extreme = 7.729502778733235e-06
1362. 17, 0, 0, 0, 1, extreme = 6.1751567586698e-05
1363. 17, 0, 0, 1, 0, extreme = 4.332705875883581e-05
1364. 17, 0, 0, 1, 1, extreme = 0.0003461430668788202
1365. 17, 0, 1, 0, 0, extreme = 7.484532017948586e-05
1366. 17, 0, 1, 0, 1, extreme = 0.0005979447811737547
1367. 17, 0, 1, 1, 0, extreme = 0.00041953896363976993
1368. 17, 0, 1, 1, 1, extreme = 0.0033517277126460052
1369. 17, 0, 2, 0, 0, extreme = 0.0002691024444438835
1370. 17, 0, 2, 0, 1, extreme = 0.002149879269277591
1371. 17, 0, 2, 1, 0, extreme = 0.0015084304587671443
1372. 17, 0, 2, 1, 1, extreme = 0.012050962149942964
1373. 17, 0, 3, 0, 0, extreme = 0.0004565189223517698
1374. 17, 0, 3, 0, 1, extreme = 0.0036471633292862273
1375. 17, 0, 3, 1, 0, extreme = 0.0025589773028708526
1376. 17, 0, 3, 1, 1, extreme = 0.020443858343104596
1377. 17, 1, 0, 0, 0, extreme = 5.8576330648989664e-05
1378. 17, 1, 0, 0, 1, extreme = 0.00046797062432063236
1379. 17, 1, 0, 1, 0, extreme = 0.0003283445510736598
1380. 17, 1, 0, 1, 1, extreme = 0.002623168826995629
1381. 17, 1, 1, 0, 0, extreme = 0.0005671987381161884
1382. 17, 1, 1, 0, 1, extreme = 0.004531392537724378
1383. 17, 1, 1, 1, 0, extreme = 0.00317938342967064
1384. 17, 1, 1, 1, 1, extreme = 0.02540032863194215
1385. 17, 1, 2, 0, 0, extreme = 0.0020393334753130974
1386. 17, 1, 2, 0, 1, extreme = 0.0162923854920007
1387. 17, 1, 2, 1, 0, extreme = 0.011431307270741702
1388. 17, 1, 2, 1, 1, extreme = 0.09132555660316438
1389. 17, 1, 3, 0, 0, extreme = 0.003459627884056501
1390. 17, 1, 3, 0, 1, extreme = 0.02763922224013385
1391. 17, 1, 3, 1, 0, extreme = 0.019392644637976148
1392. 17, 1, 3, 1, 1, extreme = 0.1549292678102976
1393. 17, 2, 0, 0, 0, extreme = 0.0001840080682302006
1394. 17, 2, 0, 0, 1, extreme = 0.0014700540237954584
1395. 17, 2, 0, 1, 0, extreme = 0.001031441298688085
1396. 17, 2, 0, 1, 1, extreme = 0.00824026058220621
1397. 17, 2, 1, 0, 0, extreme = 0.0017817630935058823
1398. 17, 2, 1, 0, 1, extreme = 0.014234636721373239
1399. 17, 2, 1, 1, 0, extreme = 0.009987518790866684
1400. 17, 2, 1, 1, 1, extreme = 0.07979102398856977
1401. 17, 2, 2, 0, 0, extreme = 0.006406236258092022
1402. 17, 2, 2, 0, 1, extreme = 0.05117989379036845
1403. 17, 2, 2, 1, 0, extreme = 0.035909602819604196
1404. 17, 2, 2, 1, 1, extreme = 0.28688446449975724
1405. 17, 2, 3, 0, 0, extreme = 0.010867861415821772
1406. 17, 2, 3, 0, 1, extreme = 0.08682414612599071
1407. 17, 2, 3, 1, 0, extreme = 0.06091885644206527
1408. 17, 2, 3, 1, 1, extreme = 0.4866852355932605
1409. 17, 3, 0, 0, 0, extreme = 0.0003215289013469771
1410. 17, 3, 0, 0, 1, extreme = 0.0025687180988191033
1411. 17, 3, 0, 1, 0, extreme = 0.0018023024248925224
1412. 17, 3, 0, 1, 1, extreme = 0.014398726954162515
1413. 17, 3, 1, 0, 0, extreme = 0.0031133870130022456
1414. 17, 3, 1, 0, 1, extreme = 0.02487307839333804
1415. 17, 3, 1, 1, 0, extreme = 0.01745182140596267
1416. 17, 3, 1, 1, 1, extreme = 0.13942388791506508
1417. 17, 3, 2, 0, 0, extreme = 0.011194020597274177
1418. 17, 3, 2, 0, 1, extreme = 0.08942985587395733
1419. 17, 3, 2, 1, 0, extreme = 0.06274711350129075
1420. 17, 3, 2, 1, 1, extreme = 0.5012913160347146
1421. 17, 3, 3, 0, 0, extreme = 0.018990099589811717
1422. 17, 3, 3, 0, 1, extreme = 0.151713305741326
1423. 17, 3, 3, 1, 0, extreme = 0.10644735946375579
1424. 17, 3, 3, 1, 1, extreme = 0.8504158029979944
1425. 17, 4, 0, 0, 0, extreme = 0.00037806955417284507
1426. 17, 4, 0, 0, 1, extreme = 0.003020425542922619
1427. 17, 4, 0, 1, 0, extreme = 0.002119236160137365
1428. 17, 4, 0, 1, 1, extreme = 0.016930733932195328
1429. 17, 4, 1, 0, 0, extreme = 0.0036608741392831906
1430. 17, 4, 1, 0, 1, extreme = 0.029246993410796066
1431. 17, 4, 1, 1, 0, extreme = 0.020520713101732032
1432. 17, 4, 1, 1, 1, extreme = 0.1639414899384408
1433. 17, 4, 2, 0, 0, extreme = 0.013162482000478126
1434. 17, 4, 2, 0, 1, extreme = 0.10515603915656123
1435. 17, 4, 2, 1, 0, extreme = 0.07378115350652578
1436. 17, 4, 2, 1, 1, extreme = 0.5894430751636851
1437. 17, 4, 3, 0, 0, extreme = 0.02232949652594439
1438. 17, 4, 3, 0, 1, extreme = 0.17839199407400613
1439. 17, 4, 3, 1, 0, extreme = 0.12516605993036056
1440. 17, 4, 3, 1, 1, extreme = 0.9999608811340732
1441. 18, 0, 0, 0, 0, extreme = 7.729772761564436e-06
1442. 18, 0, 0, 0, 1, extreme = 6.1753724499442e-05
1443. 18, 0, 0, 1, 0, extreme = 4.332857212422634e-05
1444. 18, 0, 0, 1, 1, extreme = 0.00034615515726650386
1445. 18, 0, 1, 0, 0, extreme = 7.484793444226869e-05
1446. 18, 0, 1, 0, 1, extreme = 0.0005979656667118733
1447. 18, 0, 1, 1, 0, extreme = 0.00041955361766350793
1448. 18, 0, 1, 1, 1, extreme = 0.0033518447847220726
1449. 18, 0, 2, 0, 0, extreme = 0.0002691118438893477
1450. 18, 0, 2, 0, 1, extreme = 0.002149954362140415
1451. 18, 0, 2, 1, 0, extreme = 0.001508483146545076
1452. 18, 0, 2, 1, 1, extreme = 0.01205138307648547
1453. 18, 0, 3, 0, 0, extreme = 0.0004565348680438385
1454. 18, 0, 3, 0, 1, extreme = 0.0036472907205958214
1455. 18, 0, 3, 1, 0, extreme = 0.002559066685067481
1456. 18, 0, 3, 1, 1, extreme = 0.020444572424063508
1457. 18, 1, 0, 0, 0, extreme = 5.857837665428169e-05
1458. 18, 1, 0, 0, 1, extreme = 0.00046798697000776003
1459. 18, 1, 0, 1, 0, extreme = 0.00032835601977922163
1460. 18, 1, 0, 1, 1, extreme = 0.002623260451329937
1461. 18, 1, 1, 0, 0, extreme = 0.0005672185497296328
1462. 18, 1, 1, 0, 1, extreme = 0.004531550814164873
1463. 18, 1, 1, 1, 0, extreme = 0.003179494481954906
1464. 18, 1, 1, 1, 1, extreme = 0.02540121583682891
1465. 18, 1, 2, 0, 0, extreme = 0.0020394047069357767
1466. 18, 1, 2, 0, 1, extreme = 0.01629295456668611
1467. 18, 1, 2, 1, 0, extreme = 0.011431706553436803
1468. 18, 1, 2, 1, 1, extreme = 0.0913287465020542
1469. 18, 1, 3, 0, 0, extreme = 0.0034597487249640965
1470. 18, 1, 3, 0, 1, extreme = 0.02764018764705409
1471. 18, 1, 3, 1, 0, extreme = 0.01939332200122366
1472. 18, 1, 3, 1, 1, extreme = 0.15493467931522317
1473. 18, 2, 0, 0, 0, extreme = 0.00018401449542489176
1474. 18, 2, 0, 0, 1, extreme = 0.0014701053711277158
1475. 18, 2, 0, 1, 0, extreme = 0.001031477325771587
1476. 18, 2, 0, 1, 1, extreme = 0.008240548405232542
1477. 18, 2, 1, 0, 0, extreme = 0.0017818253284850633
1478. 18, 2, 1, 0, 1, extreme = 0.01423513392121043
1479. 18, 2, 1, 1, 0, extreme = 0.00998786764365541
1480. 18, 2, 1, 1, 1, extreme = 0.07979381099921942
1481. 18, 2, 2, 0, 0, extreme = 0.006406460020713216
1482. 18, 2, 2, 0, 1, extreme = 0.051181681446446935
1483. 18, 2, 2, 1, 0, extreme = 0.035910857101608365
1484. 18, 2, 2, 1, 1, extreme = 0.2868944850511653
1485. 18, 2, 3, 0, 0, extreme = 0.010868241017987416
1486. 18, 2, 3, 0, 1, extreme = 0.08682717879567967
1487. 18, 2, 3, 1, 0, extreme = 0.06092098426914633
1488. 18, 2, 3, 1, 1, extreme = 0.48670223496069337
1489. 18, 3, 0, 0, 0, extreme = 0.00032154013198956613
1490. 18, 3, 0, 0, 1, extreme = 0.0025688078212507694
1491. 18, 3, 0, 1, 0, extreme = 0.0018023653772874285
1492. 18, 3, 0, 1, 1, extreme = 0.014399229885486827
1493. 18, 3, 1, 0, 0, extreme = 0.0031134957601059677
1494. 18, 3, 1, 0, 1, extreme = 0.024873947181967476
1495. 18, 3, 1, 1, 0, extreme = 0.01745243097843941
1496. 18, 3, 1, 1, 1, extreme = 0.13942875783452485
1497. 18, 3, 2, 0, 0, extreme = 0.01119441159181288
1498. 18, 3, 2, 0, 1, extreme = 0.0894329795581546
1499. 18, 3, 2, 1, 0, extreme = 0.06274930518733289
1500. 18, 3, 2, 1, 1, extreme = 0.5013088255760957
1501. 18, 3, 3, 0, 0, extreme = 0.018990762892613824
1502. 18, 3, 3, 0, 1, extreme = 0.15171860491631659
1503. 18, 3, 3, 1, 0, extreme = 0.10645107755019739
1504. 18, 3, 3, 1, 1, extreme = 0.8504455070647066
1505. 18, 4, 0, 0, 0, extreme = 0.00037808275971679123
1506. 18, 4, 0, 0, 1, extreme = 0.0030205310429868345
1507. 18, 4, 0, 1, 0, extreme = 0.002119310182670881
1508. 18, 4, 0, 1, 1, extreme = 0.01693132530367318
1509. 18, 4, 1, 0, 0, extreme = 0.0036610020094959444
1510. 18, 4, 1, 0, 1, extreme = 0.02924801497535348
1511. 18, 4, 1, 1, 0, extreme = 0.020521429867141155
1512. 18, 4, 1, 1, 1, extreme = 0.16394721623014055
1513. 18, 4, 2, 0, 0, extreme = 0.013162941751157809
1514. 18, 4, 2, 0, 1, extreme = 0.1051597121386381
1515. 18, 4, 2, 1, 0, extreme = 0.07378373059916463
1516. 18, 4, 2, 1, 1, extreme = 0.5894636637467829
1517. 18, 4, 3, 0, 0, extreme = 0.022330276470122423
1518. 18, 4, 3, 0, 1, extreme = 0.17839822510554884
1519. 18, 4, 3, 1, 0, extreme = 0.12517043183993842
1520. 18, 4, 3, 1, 1, extreme = 0.9999958086420265
1521. 19, 0, 0, 0, 0, extreme = 7.729802950000626e-06
1522. 19, 0, 0, 0, 1, extreme = 6.175396567708447e-05
1523. 19, 0, 0, 1, 0, extreme = 4.332874134289228e-05
1524. 19, 0, 0, 1, 1, extreme = 0.0003461565091669024
1525. 19, 0, 1, 0, 0, extreme = 7.484822675902399e-05
1526. 19, 0, 1, 0, 1, extreme = 0.0005979680020519835
1527. 19, 0, 1, 1, 0, extreme = 0.0004195552562197768
1528. 19, 0, 1, 1, 1, extreme = 0.003351857875268913
1529. 19, 0, 2, 0, 0, extreme = 0.00026911289489899286
1530. 19, 0, 2, 0, 1, extreme = 0.00214996275873396
1531. 19, 0, 2, 1, 0, extreme = 0.0015084890378886664
1532. 19, 0, 2, 1, 1, extreme = 0.012051430142863775
1533. 19, 0, 3, 0, 0, extreme = 0.0004565366510294653
1534. 19, 0, 3, 0, 1, extreme = 0.0036473049649994515
1535. 19, 0, 3, 1, 0, extreme = 0.0025590766794390766
1536. 19, 0, 3, 1, 1, extreme = 0.020444652269835058
1537. 19, 1, 0, 0, 0, extreme = 5.857860543068176e-05
1538. 19, 1, 0, 0, 1, extreme = 0.00046798879771928756
1539. 19, 1, 0, 1, 0, extreme = 0.00032835730216552924
1540. 19, 1, 0, 1, 1, extreme = 0.0026232706964086977
1541. 19, 1, 1, 0, 0, extreme = 0.0005672207649876388
1542. 19, 1, 1, 0, 1, extreme = 0.004531568512024411
1543. 19, 1, 1, 1, 0, extreme = 0.003179506899391905
1544. 19, 1, 1, 1, 1, extreme = 0.02540131504064862
1545. 19, 1, 2, 0, 0, extreme = 0.002039412671780379
1546. 19, 1, 2, 0, 1, extreme = 0.01629301819841688
1547. 19, 1, 2, 1, 0, extreme = 0.011431751199683787
1548. 19, 1, 2, 1, 1, extreme = 0.09132910318421307
1549. 19, 1, 3, 0, 0, extreme = 0.003459762236927105
1550. 19, 1, 3, 0, 1, extreme = 0.027640295595122787
1551. 19, 1, 3, 1, 0, extreme = 0.019393397741362707
1552. 19, 1, 3, 1, 1, extreme = 0.15493528440877824
1553. 19, 2, 0, 0, 0, extreme = 0.00018401521408894882
1554. 19, 2, 0, 0, 1, extreme = 0.001470111112587854
1555. 19, 2, 0, 1, 0, extreme = 0.0010314813541807512
1556. 19, 2, 0, 1, 1, extreme = 0.008240580588490365
1557. 19, 2, 1, 0, 0, extreme = 0.0017818322873597795
1558. 19, 2, 1, 0, 1, extreme = 0.014235189516173608
1559. 19, 2, 1, 1, 0, extreme = 0.00998790665102527
1560. 19, 2, 1, 1, 1, extreme = 0.0797941226319732
1561. 19, 2, 2, 0, 0, extreme = 0.006406485040984253
1562. 19, 2, 2, 0, 1, extreme = 0.05118188133523696
1563. 19, 2, 2, 1, 0, extreme = 0.0359109973505719
1564. 19, 2, 2, 1, 1, extreme = 0.2868956055104754
1565. 19, 2, 3, 0, 0, extreme = 0.010868283463633699
1566. 19, 2, 3, 0, 1, extreme = 0.08682751789707728
1567. 19, 2, 3, 1, 0, extreme = 0.060921222194542456
1568. 19, 2, 3, 1, 1, extreme = 0.486704135764225
1569. 19, 3, 0, 0, 0, extreme = 0.0003215413877565928
1570. 19, 3, 0, 0, 1, extreme = 0.0025688178536661314
1571. 19, 3, 0, 1, 0, extreme = 0.0018023724163807968
1572. 19, 3, 0, 1, 1, extreme = 0.014399286121322732
1573. 19, 3, 1, 0, 0, extreme = 0.0031135079197865925
1574. 19, 3, 1, 0, 1, extreme = 0.024874044326552505
1575. 19, 3, 1, 1, 0, extreme = 0.01745249913847661
1576. 19, 3, 1, 1, 1, extreme = 0.13942930237008738
1577. 19, 3, 2, 0, 0, extreme = 0.011194455311310265
1578. 19, 3, 2, 0, 1, extreme = 0.0894333288364426
1579. 19, 3, 2, 1, 0, extreme = 0.06274955025319111
1580. 19, 3, 2, 1, 1, extreme = 0.5013107834253054
1581. 19, 3, 3, 0, 0, extreme = 0.018990837060568238
1582. 19, 3, 3, 0, 1, extreme = 0.1517191974495727
1583. 19, 3, 3, 1, 0, extreme = 0.10645149329224586
1584. 19, 3, 3, 1, 1, extreme = 0.8504488284585839
1585. 19, 4, 0, 0, 0, extreme = 0.0003780842363096509
1586. 19, 4, 0, 0, 1, extreme = 0.003020542839596058
1587. 19, 4, 0, 1, 0, extreme = 0.0021193184595843413
1588. 19, 4, 0, 1, 1, extreme = 0.016931391428545065
1589. 19, 4, 1, 0, 0, extreme = 0.0036610163074486737
1590. 19, 4, 1, 0, 1, extreme = 0.029248129202752007
1591. 19, 4, 1, 1, 0, extreme = 0.020521510013077546
1592. 19, 4, 1, 1, 1, extreme = 0.16394785652193544
1593. 19, 4, 2, 0, 0, extreme = 0.013162993158701002
1594. 19, 4, 2, 0, 1, extreme = 0.1051601228372909
1595. 19, 4, 2, 1, 0, extreme = 0.07378401875969817
1596. 19, 4, 2, 1, 1, extreme = 0.5894659658825311
1597. 19, 4, 3, 0, 0, extreme = 0.022330363680464455
1598. 19, 4, 3, 0, 1, extreme = 0.17839892183540124
1599. 19, 4, 3, 1, 0, extreme = 0.12517092068996172
1600. 19, 4, 3, 1, 1, extreme = 0.9999997141009049
1601. 20, 0, 0, 0, 0, extreme = 7.729805087851618e-06
1602. 20, 0, 0, 0, 1, extreme = 6.175398275653367e-05
1603. 20, 0, 0, 1, 0, extreme = 4.332875332643097e-05
1604. 20, 0, 0, 1, 1, extreme = 0.0003461566049042765
1605. 20, 0, 1, 0, 0, extreme = 7.484824745998584e-05
1606. 20, 0, 1, 0, 1, extreme = 0.000597968167433494
1607. 20, 0, 1, 1, 0, extreme = 0.0004195553722572265
1608. 20, 0, 1, 1, 1, extreme = 0.0033518588023006544
1609. 20, 0, 2, 0, 0, extreme = 0.0002691129693282213
1610. 20, 0, 2, 0, 1, extreme = 0.0021499633533545535
1611. 20, 0, 2, 1, 0, extreme = 0.0015084894550952638
1612. 20, 0, 2, 1, 1, extreme = 0.012051433475958042
1613. 20, 0, 3, 0, 0, extreme = 0.00045653677729495215
1614. 20, 0, 3, 0, 1, extreme = 0.0036473059737437354
1615. 20, 0, 3, 1, 0, extreme = 0.0025590773872093335
1616. 20, 0, 3, 1, 1, extreme = 0.020444657924263823
1617. 20, 1, 0, 0, 0, extreme = 5.8578621631913615e-05
1618. 20, 1, 0, 0, 1, extreme = 0.0004679889271521234
1619. 20, 1, 0, 1, 0, extreme = 0.0003283573929801321
1620. 20, 1, 0, 1, 1, extreme = 0.002623271421933255
1621. 20, 1, 1, 0, 0, extreme = 0.0005672209218653088
1622. 20, 1, 1, 0, 1, extreme = 0.0045315697653316835
1623. 20, 1, 1, 1, 0, extreme = 0.0031795077787561046
1624. 20, 1, 1, 1, 1, extreme = 0.025401322065954045
1625. 20, 1, 2, 0, 0, extreme = 0.002039413235825858
1626. 20, 1, 2, 0, 1, extreme = 0.016293022704617795
1627. 20, 1, 2, 1, 0, extreme = 0.011431754361391894
1628. 20, 1, 2, 1, 1, extreme = 0.09132912844333226
1629. 20, 1, 3, 0, 0, extreme = 0.0034597631938022263
1630. 20, 1, 3, 0, 1, extreme = 0.02764030323966868
1631. 20, 1, 3, 1, 0, extreme = 0.01939340310504337
1632. 20, 1, 3, 1, 1, extreme = 0.15493532725961853
1633. 20, 2, 0, 0, 0, extreme = 0.00018401526498249823
1634. 20, 2, 0, 0, 1, extreme = 0.0014701115191801725
1635. 20, 2, 0, 1, 0, extreme = 0.001031481639460137
1636. 20, 2, 0, 1, 1, extreme = 0.008240582867608412
1637. 20, 2, 1, 0, 0, extreme = 0.0017818327801656052
1638. 20, 2, 1, 0, 1, extreme = 0.014235193453235684
1639. 20, 2, 1, 1, 0, extreme = 0.009987909413405669
1640. 20, 2, 1, 1, 1, extreme = 0.07979414470083387
1641. 20, 2, 2, 0, 0, extreme = 0.006406486812841892
1642. 20, 2, 2, 0, 1, extreme = 0.05118189549073828
1643. 20, 2, 2, 1, 0, extreme = 0.03591100728256653
1644. 20, 2, 2, 1, 1, extreme = 0.2868956848579127
1645. 20, 2, 3, 0, 0, extreme = 0.01086828646950212
1646. 20, 2, 3, 0, 1, extreme = 0.08682754191118172
1647. 20, 2, 3, 1, 0, extreme = 0.06092123904367771
1648. 20, 2, 3, 1, 1, extreme = 0.4867042703732088
1649. 20, 3, 0, 0, 0, extreme = 0.000321541476686101
1650. 20, 3, 0, 0, 1, extreme = 0.0025688185641305292
1651. 20, 3, 0, 1, 0, extreme = 0.0018023729148674574
1652. 20, 3, 0, 1, 1, extreme = 0.014399290103769415
1653. 20, 3, 1, 0, 0, extreme = 0.0031135087808972883
1654. 20, 3, 1, 0, 1, extreme = 0.024874051206029344
1655. 20, 3, 1, 1, 0, extreme = 0.017452503965358076
1656. 20, 3, 1, 1, 1, extreme = 0.1394293409323993
1657. 20, 3, 2, 0, 0, extreme = 0.011194458407388853
1658. 20, 3, 2, 0, 1, extreme = 0.0894333535712427
1659. 20, 3, 2, 1, 0, extreme = 0.06274956760799164
1660. 20, 3, 2, 1, 1, extreme = 0.5013109220740863
1661. 20, 3, 3, 0, 0, extreme = 0.01899084231291168
1662. 20, 3, 3, 0, 1, extreme = 0.15171923941093174
1663. 20, 3, 3, 1, 0, extreme = 0.1064515227338024
1664. 20, 3, 3, 1, 1, extreme = 0.8504490636693498
1665. 20, 4, 0, 0, 0, extreme = 0.00037808434087735655
1666. 20, 4, 0, 0, 1, extreme = 0.003020543674995168
1667. 20, 4, 0, 1, 0, extreme = 0.0021193190457295644
1668. 20, 4, 0, 1, 1, extreme = 0.016931396111302465
1669. 20, 4, 1, 0, 0, extreme = 0.0036610173199851377
1670. 20, 4, 1, 0, 1, extreme = 0.02924813729198047
1671. 20, 4, 1, 1, 0, extreme = 0.020521515688763047
1672. 20, 4, 1, 1, 1, extreme = 0.1639479018654054
1673. 20, 4, 2, 0, 0, extreme = 0.01316299679922304
1674. 20, 4, 2, 0, 1, extreme = 0.10516015192168987
1675. 20, 4, 2, 1, 0, extreme = 0.07378403916632932
1676. 20, 4, 2, 1, 1, extreme = 0.589466128912612
1677. 20, 4, 3, 0, 0, extreme = 0.022330369856429156
1678. 20, 4, 3, 0, 1, extreme = 0.17839897117563858
1679. 20, 4, 3, 1, 0, extreme = 0.12517095530879724
1680. 20, 4, 3, 1, 1, extreme = 0.9999999906733344
1681. 21, 0, 0, 0, 0, extreme = 7.729805159944927e-06
1682. 21, 0, 0, 0, 1, extreme = 6.175398333249242e-05
1683. 21, 0, 0, 1, 0, extreme = 4.332875373054377e-05
1684. 21, 0, 0, 1, 1, extreme = 0.0003461566081327634
1685. 21, 0, 1, 0, 0, extreme = 7.484824815807041e-05
1686. 21, 0, 1, 0, 1, extreme = 0.0005979681730105431
1687. 21, 0, 1, 1, 0, extreme = 0.0004195553761702792
1688. 21, 0, 1, 1, 1, extreme = 0.003351858833562321
1689. 21, 0, 2, 0, 0, extreme = 0.00026911297183814805
1690. 21, 0, 2, 0, 1, extreme = 0.002149963373406543
1691. 21, 0, 2, 1, 0, extreme = 0.0015084894691644406
1692. 21, 0, 2, 1, 1, extreme = 0.012051433588357733
1693. 21, 0, 3, 0, 0, extreme = 0.00045653678155291804
1694. 21, 0, 3, 0, 1, extreme = 0.003647306007760939
1695. 21, 0, 3, 1, 0, extreme = 0.0025590774110769926
1696. 21, 0, 3, 1, 1, extreme = 0.020444658114944312
1697. 21, 1, 0, 0, 0, extreme = 5.857862217825684e-05
1698. 21, 1, 0, 0, 1, extreme = 0.00046798893151689966
1699. 21, 1, 0, 1, 0, extreme = 0.0003283573960426117
1700. 21, 1, 0, 1, 1, extreme = 0.0026232714463996307
1701. 21, 1, 1, 0, 0, extreme = 0.0005672209271555886
1702. 21, 1, 1, 0, 1, extreme = 0.004531569807596119
1703. 21, 1, 1, 1, 0, extreme = 0.0031795078084103107
1704. 21, 1, 1, 1, 1, extreme = 0.025401322302863683
1705. 21, 1, 2, 0, 0, extreme = 0.0020394132548467838
1706. 21, 1, 2, 0, 1, extreme = 0.016293022856577372
1707. 21, 1, 2, 1, 0, extreme = 0.011431754468012045
1708. 21, 1, 2, 1, 1, extreme = 0.0913291292951285
1709. 21, 1, 3, 0, 0, extreme = 0.0034597632260702804
1710. 21, 1, 3, 0, 1, extreme = 0.027640303497460543
1711. 21, 1, 3, 1, 0, extreme = 0.019393403285919156
1712. 21, 1, 3, 1, 1, extreme = 0.15493532870464852
1713. 21, 2, 0, 0, 0, extreme = 0.00018401526669874704
1714. 21, 2, 0, 0, 1, extreme = 0.0014701115328914108
1715. 21, 2, 0, 1, 0, extreme = 0.0010314816490804212
1716. 21, 2, 0, 1, 1, extreme = 0.008240582944465571
1717. 21, 2, 1, 0, 0, extreme = 0.0017818327967841637
1718. 21, 2, 1, 0, 1, extreme = 0.014235193586002573
1719. 21, 2, 1, 1, 0, extreme = 0.00998790950655956
1720. 21, 2, 1, 1, 1, extreme = 0.07979414544504718
1721. 21, 2, 2, 0, 0, extreme = 0.006406486872593052
1722. 21, 2, 2, 0, 1, extreme = 0.0511818959680947
1723. 21, 2, 2, 1, 0, extreme = 0.03591100761749648
1724. 21, 2, 2, 1, 1, extreme = 0.2868956875336928
1725. 21, 2, 3, 0, 0, extreme = 0.010868286570866992
1726. 21, 2, 3, 0, 1, extreme = 0.08682754272099316
1727. 21, 2, 3, 1, 0, extreme = 0.06092123961186973
1728. 21, 2, 3, 1, 1, extreme = 0.48670427491253676
1729. 21, 3, 0, 0, 0, extreme = 0.0003215414796850108
1730. 21, 3, 0, 0, 1, extreme = 0.0025688185880890406
1731. 21, 3, 0, 1, 0, extreme = 0.0018023729316775866
1732. 21, 3, 0, 1, 1, extreme = 0.014399290238066778
1733. 21, 3, 1, 0, 0, extreme = 0.0031135088099359435
1734. 21, 3, 1, 0, 1, extreme = 0.0248740514380213
1735. 21, 3, 1, 1, 0, extreme = 0.017452504128131745
1736. 21, 3, 1, 1, 1, extreme = 0.13942934223281014
1737. 21, 3, 2, 0, 0, extreme = 0.011194458511795822
1738. 21, 3, 2, 0, 1, extreme = 0.08943335440535768
1739. 21, 3, 2, 1, 0, extreme = 0.06274956819323586
1740. 21, 3, 2, 1, 1, extreme = 0.5013109267496457
1741. 21, 3, 3, 0, 0, extreme = 0.018990842490032918
1742. 21, 3, 3, 0, 1, extreme = 0.15171924082596636
1743. 21, 3, 3, 1, 0, extreme = 0.10645152372664016
1744. 21, 3, 3, 1, 1, extreme = 0.8504490716012039
1745. 21, 4, 0, 0, 0, extreme = 0.0003780843444036228
1746. 21, 4, 0, 0, 1, extreme = 0.003020543703166769
1747. 21, 4, 0, 1, 0, extreme = 0.0021193190654957444
1748. 21, 4, 0, 1, 1, extreme = 0.016931396269215936
1749. 21, 4, 1, 0, 0, extreme = 0.0036610173541302225
1750. 21, 4, 1, 0, 1, extreme = 0.02924813756476807
1751. 21, 4, 1, 1, 0, extreme = 0.020521515880160365
1752. 21, 4, 1, 1, 1, extreme = 0.16394790339449267
1753. 21, 4, 2, 0, 0, extreme = 0.01316299692198991
1754. 21, 4, 2, 0, 1, extreme = 0.10516015290248344
1755. 21, 4, 2, 1, 0, extreme = 0.07378403985448838
1756. 21, 4, 2, 1, 1, extreme = 0.5894661344103654
1757. 21, 4, 3, 0, 0, extreme = 0.02233037006469705
1758. 21, 4, 3, 0, 1, extreme = 0.17839897283950612
1759. 21, 4, 3, 1, 0, extreme = 0.1251709564762249
1760. 21, 4, 3, 1, 1, extreme = 1.0
There are 72 pairs in total
Final probability = 2.311895482438098e-06
